1.0	0.019	0.0024	0.3397
2.0	0.0252	-0.0	0.3417
3.0	0.0175	-0.0	0.3392
4.0	0.0129	0.004	0.3376
5.0	0.0143	0.0047	0.3381
6.0	0.0143	0.0	0.3381
7.0	0.0178	0.0005	0.3392
8.0	0.0298	-0.0	0.3433
9.0	0.0142	0.0009	0.3381
10.0	0.015	0.0094	0.3383
11.0	0.0182	-0.0	0.3394
12.0	0.0078	0.0038	0.3359
13.0	0.0197	0.0002	0.3399
14.0	0.0159	0.0002	0.3386
15.0	0.0179	0.0021	0.3393
16.0	0.0115	0.0075	0.3372
17.0	0.0185	0.0001	0.3395
18.0	0.0171	0.0056	0.339
19.0	0.012	0.0058	0.3373
20.0	0.0173	0.0022	0.3391
21.0	0.0225	0.0004	0.3408
22.0	0.0218	-0.0	0.3406
23.0	0.0164	0.0027	0.3388
24.0	0.0147	0.0015	0.3382
25.0	0.0131	-0.0	0.3377
26.0	0.0186	-0.0	0.3395
27.0	0.011	0.0059	0.337
28.0	0.0158	0.0007	0.3386
29.0	0.013	0.0083	0.3377
30.0	0.0144	0.0018	0.3381
31.0	0.0139	0.0	0.338
32.0	0.0173	-0.0	0.3391
33.0	0.0197	0.0024	0.3399
34.0	0.0098	0.0081	0.3366
35.0	0.0165	0.003	0.3388
36.0	0.018	-0.0	0.3393
37.0	0.0175	0.0008	0.3392
38.0	0.0131	0.0038	0.3377
39.0	0.0209	-0.0	0.3403
40.0	0.0119	-0.0	0.3373
41.0	0.0114	0.0048	0.3371
42.0	0.0119	0.0053	0.3373
43.0	0.0172	0.0	0.3391
44.0	0.0133	0.001	0.3378
45.0	0.0199	0.0	0.34
46.0	0.0106	0.0045	0.3369
47.0	0.0177	-0.0	0.3392
48.0	0.0167	0.0036	0.3389
49.0	0.0143	0.0001	0.3381
50.0	0.0233	-0.0	0.3411
51.0	0.0151	0.0027	0.3384
52.0	0.0145	0.0004	0.3382
53.0	0.0153	0.0073	0.3384
54.0	0.0092	0.0131	0.3364
55.0	0.0174	0.002	0.3391
56.0	0.0208	-0.0	0.3403
57.0	0.0193	0.0005	0.3398
58.0	0.0164	0.0026	0.3388
59.0	0.0124	0.0039	0.3375
60.0	0.0176	0.0002	0.3392
61.0	0.0179	0.0064	0.3393
62.0	0.0109	0.0061	0.337
63.0	0.0223	-0.0	0.3408
64.0	0.0125	0.0055	0.3375
65.0	0.0154	0.0023	0.3385
66.0	0.0235	-0.0	0.3412
67.0	0.0159	0.0065	0.3386
68.0	0.018	-0.0	0.3393
69.0	0.0204	0.0034	0.3401
70.0	0.0231	0.0003	0.341
71.0	0.0099	0.009	0.3366
72.0	0.0156	-0.0	0.3385
73.0	0.014	0.0	0.338
74.0	0.0215	0.0031	0.3405
75.0	0.0196	-0.0	0.3399
76.0	0.0258	0.0	0.3419
77.0	0.0073	0.0063	0.3358
78.0	0.0206	0.0001	0.3402
79.0	0.0189	0.0	0.3396
80.0	0.0098	0.0016	0.3366
81.0	0.0164	0.002	0.3388
82.0	0.0223	-0.0	0.3408
83.0	0.0075	0.0059	0.3358
84.0	0.0158	-0.0	0.3386
85.0	0.0165	0.0019	0.3388
86.0	0.013	0.0011	0.3377
87.0	0.0131	0.0038	0.3377
88.0	0.0165	0.0041	0.3388
89.0	0.0073	0.01	0.3358
90.0	0.0083	0.0137	0.3361
91.0	0.0176	-0.0	0.3392
92.0	0.016	0.0063	0.3387
93.0	0.0095	0.0089	0.3365
94.0	0.0188	-0.0	0.3396
95.0	0.0131	0.0039	0.3377
96.0	0.0126	0.0017	0.3375
97.0	0.0074	0.0112	0.3358
98.0	0.0181	0.0022	0.3394
99.0	0.0124	-0.0	0.3375
100.0	0.0108	0.0104	0.3369
101.0	0.0141	0.005	0.338
102.0	0.0104	0.0042	0.3368
103.0	0.0268	-0.0	0.3423
104.0	0.007	0.0054	0.3357
105.0	0.0132	0.0009	0.3377
106.0	0.0231	-0.0	0.341
107.0	0.0231	-0.0	0.341
108.0	0.0184	-0.0	0.3395
109.0	0.02	0.0006	0.34
110.0	0.0096	0.0096	0.3365
111.0	0.0108	0.0086	0.3369
112.0	0.0116	0.0037	0.3372
113.0	0.0184	0.0007	0.3395
114.0	0.0197	-0.0	0.3399
115.0	0.0138	0.0071	0.3379
116.0	0.0122	0.0031	0.3374
117.0	0.0239	-0.0	0.3413
118.0	0.022	0.0016	0.3407
119.0	0.0134	0.0037	0.3378
120.0	0.014	0.0001	0.338
121.0	0.0173	0.001	0.3391
122.0	0.0159	0.0005	0.3386
123.0	0.0085	0.0022	0.3362
124.0	0.0165	0.0015	0.3388
125.0	0.0235	-0.0	0.3412
126.0	0.0111	0.0035	0.337
127.0	0.0119	0.0043	0.3373
128.0	0.0153	0.0074	0.3384
129.0	0.018	0.0013	0.3393
130.0	0.0114	0.0096	0.3371
131.0	0.0212	0.0	0.3404
132.0	0.0175	0.0025	0.3392
133.0	0.0219	0.001	0.3406
134.0	0.0157	0.0069	0.3386
135.0	0.0267	-0.0	0.3422
136.0	0.0061	0.0056	0.3354
137.0	0.0183	0.004	0.3394
138.0	0.0148	0.0035	0.3383
139.0	0.013	0.0048	0.3377
140.0	0.0202	0.0002	0.3401
141.0	0.0068	0.008	0.3356
142.0	0.0183	0.0016	0.3394
143.0	0.0187	-0.0	0.3396
144.0	0.018	0.003	0.3393
145.0	0.0167	0.0016	0.3389
146.0	0.009	-0.0	0.3363
147.0	0.0167	0.0004	0.3389
148.0	0.0148	0.0047	0.3383
149.0	0.0215	0.0003	0.3405
150.0	0.0138	0.0038	0.3379
151.0	0.016	0.0038	0.3387
152.0	0.0155	0.0048	0.3385
153.0	0.0102	0.0027	0.3367
154.0	0.0167	0.0017	0.3389
155.0	0.0105	0.0071	0.3368
156.0	0.0287	-0.0	0.3429
157.0	0.0129	0.0038	0.3376
158.0	0.0149	0.0014	0.3383
159.0	0.0188	-0.0	0.3396
160.0	0.0099	0.0062	0.3366
161.0	0.0131	0.0065	0.3377
162.0	0.0183	-0.0	0.3394
163.0	0.0142	0.0044	0.3381
164.0	0.013	0.002	0.3377
165.0	0.0226	0.0	0.3409
166.0	0.0174	-0.0	0.3391
167.0	0.0156	0.0008	0.3385
168.0	0.0171	0.0009	0.339
169.0	0.0236	-0.0	0.3412
170.0	0.0126	0.0053	0.3375
171.0	0.0149	0.0008	0.3383
172.0	0.0082	0.0134	0.3361
173.0	0.0184	-0.0	0.3395
174.0	0.0207	-0.0	0.3402
175.0	0.0168	-0.0	0.3389
176.0	0.0125	0.0011	0.3375
177.0	0.0188	0.0004	0.3396
178.0	0.0119	-0.0	0.3373
179.0	0.0217	-0.0	0.3406
180.0	0.0188	0.0	0.3396
181.0	0.0198	-0.0	0.3399
182.0	0.0182	0.0014	0.3394
183.0	0.0156	0.0019	0.3385
184.0	0.0137	0.0051	0.3379
185.0	0.0259	-0.0	0.342
186.0	0.0169	0.0018	0.339
187.0	0.014	0.0032	0.338
188.0	0.0096	0.0053	0.3365
189.0	0.0127	-0.0	0.3376
190.0	0.0138	0.0024	0.3379
191.0	0.0187	0.0016	0.3396
192.0	0.0115	0.0024	0.3372
193.0	0.0255	-0.0	0.3418
194.0	0.011	0.0033	0.337
195.0	0.0138	0.0	0.3379
196.0	0.0251	-0.0	0.3417
197.0	0.0142	-0.0	0.3381
198.0	0.016	0.0013	0.3387
199.0	0.0153	-0.0	0.3384
200.0	0.0165	0.0059	0.3388
201.0	0.0131	0.0024	0.3377
202.0	0.0132	0.0085	0.3377
203.0	0.0208	0.0	0.3403
204.0	0.0191	-0.0	0.3397
205.0	0.019	0.0026	0.3397
206.0	0.0172	0.0021	0.3391
207.0	0.0146	-0.0	0.3382
208.0	0.0123	0.0001	0.3374
209.0	0.0205	0.0044	0.3402
210.0	0.0173	-0.0	0.3391
211.0	0.0124	0.0035	0.3375
212.0	0.0079	0.0113	0.336
213.0	0.0173	0.0004	0.3391
214.0	0.0182	0.0011	0.3394
215.0	0.0097	0.0032	0.3366
216.0	0.0156	0.0018	0.3385
217.0	0.0279	0.0	0.3426
218.0	0.0158	0.0004	0.3386
219.0	0.0199	0.0	0.34
220.0	0.0228	0.0001	0.3409
221.0	0.0063	0.0087	0.3354
222.0	0.0175	-0.0	0.3392
223.0	0.0155	0.0009	0.3385
224.0	0.0231	-0.0	0.341
225.0	0.0107	0.0055	0.3369
226.0	0.0249	-0.0	0.3416
227.0	0.0121	-0.0	0.3374
228.0	0.0145	0.0047	0.3382
229.0	0.0166	0.0046	0.3389
230.0	0.0103	0.0137	0.3368
231.0	0.0106	0.0046	0.3369
232.0	0.0188	-0.0	0.3396
233.0	0.0128	0.001	0.3376
234.0	0.0158	0.0022	0.3386
235.0	0.013	0.004	0.3377
236.0	0.0179	-0.0	0.3393
237.0	0.0167	0.0014	0.3389
238.0	0.0142	0.0024	0.3381
239.0	0.0165	0.0046	0.3388
240.0	0.0138	0.0047	0.3379
241.0	0.0252	-0.0	0.3417
242.0	0.0268	0.0003	0.3423
243.0	0.018	0.0016	0.3393
244.0	0.0191	0.0062	0.3397
245.0	0.0119	0.0073	0.3373
246.0	0.0126	0.0022	0.3375
247.0	0.0135	0.0007	0.3378
248.0	0.02	-0.0	0.34
249.0	0.0215	-0.0	0.3405
250.0	0.0038	0.0108	0.3346
251.0	0.0167	0.0042	0.3389
252.0	0.0138	0.0041	0.3379
253.0	0.0151	0.0	0.3384
254.0	0.0189	0.0047	0.3396
255.0	0.0109	0.0091	0.337
256.0	0.0087	0.004	0.3362
257.0	0.0167	0.0039	0.3389
258.0	0.0164	0.0041	0.3388
259.0	0.0114	0.0054	0.3371
260.0	0.0168	0.0014	0.3389
261.0	0.0092	0.0098	0.3364
262.0	0.0169	-0.0	0.339
263.0	0.0215	0.004	0.3405
264.0	0.0166	0.0042	0.3389
265.0	0.0152	0.0059	0.3384
266.0	0.0202	-0.0	0.3401
267.0	0.0154	-0.0	0.3385
268.0	0.0179	0.0012	0.3393
269.0	0.0144	0.0057	0.3381
270.0	0.0113	0.0067	0.3371
271.0	0.0145	0.0006	0.3382
272.0	0.0122	0.0013	0.3374
273.0	0.0197	0.0003	0.3399
274.0	0.0245	-0.0	0.3415
275.0	0.0167	0.0014	0.3389
276.0	0.0162	0.0022	0.3387
277.0	0.0156	-0.0	0.3385
278.0	0.0147	0.0054	0.3382
279.0	0.0223	-0.0	0.3408
280.0	0.0152	0.0043	0.3384
281.0	0.0158	-0.0	0.3386
282.0	0.0131	0.0043	0.3377
283.0	0.0163	0.0015	0.3388
284.0	0.0155	0.0025	0.3385
285.0	0.0257	0.0006	0.3419
286.0	0.0256	-0.0	0.3419
287.0	0.0195	0.0052	0.3398
288.0	0.0111	0.0038	0.337
289.0	0.0195	0.0027	0.3398
290.0	0.0098	0.0051	0.3366
291.0	0.0139	0.009	0.338
292.0	0.0139	0.007	0.338
293.0	0.0217	0.0018	0.3406
294.0	0.0119	0.0	0.3373
295.0	0.0144	-0.0	0.3381
296.0	0.0176	0.005	0.3392
297.0	0.0168	0.0017	0.3389
298.0	0.014	0.0017	0.338
299.0	0.0152	0.0014	0.3384
300.0	0.0153	0.0039	0.3384
301.0	0.0175	0.0	0.3392
302.0	0.0144	0.0	0.3381
303.0	0.0113	0.0043	0.3371
304.0	0.0136	0.0046	0.3379
305.0	0.0093	0.0053	0.3364
306.0	0.0164	0.0035	0.3388
307.0	0.0184	0.0	0.3395
308.0	0.0283	-0.0	0.3428
309.0	0.0122	0.0014	0.3374
310.0	0.015	0.0055	0.3383
311.0	0.0203	0.0001	0.3401
312.0	0.0275	-0.0	0.3425
313.0	0.0198	0.0	0.3399
314.0	0.0231	-0.0	0.341
315.0	0.018	0.0017	0.3393
316.0	0.0157	0.0006	0.3386
317.0	0.0095	0.006	0.3365
318.0	0.0147	0.0044	0.3382
319.0	0.0153	0.0033	0.3384
320.0	0.0139	0.0008	0.338
321.0	0.0211	0.0	0.3404
322.0	0.0133	0.0023	0.3378
323.0	0.0114	0.006	0.3371
324.0	0.0254	-0.0	0.3418
325.0	0.0061	0.0121	0.3354
326.0	0.011	0.0153	0.337
327.0	0.0092	0.0114	0.3364
328.0	0.0115	0.0014	0.3372
329.0	0.0161	0.002	0.3387
330.0	0.0129	-0.0	0.3376
331.0	0.0207	-0.0	0.3402
332.0	0.0068	0.0093	0.3356
333.0	0.0084	0.007	0.3361
334.0	0.0137	0.0046	0.3379
335.0	0.0181	0.0	0.3394
336.0	0.0152	0.0036	0.3384
337.0	0.0194	-0.0	0.3398
338.0	0.0138	0.0035	0.3379
339.0	0.0101	0.0075	0.3367
340.0	0.0148	0.0027	0.3383
341.0	0.0182	0.0023	0.3394
342.0	0.0154	0.0055	0.3385
343.0	0.0126	0.0093	0.3375
344.0	0.0175	-0.0	0.3392
345.0	0.0181	-0.0	0.3394
346.0	0.0189	-0.0	0.3396
347.0	0.0106	0.0047	0.3369
348.0	0.0219	0.0001	0.3406
349.0	0.0117	0.003	0.3372
350.0	0.0245	0.0008	0.3415
351.0	0.0119	-0.0	0.3373
352.0	0.0117	0.0057	0.3372
353.0	0.0195	0.0106	0.3398
354.0	0.0151	0.0021	0.3384
355.0	0.019	-0.0	0.3397
356.0	0.0177	0.0019	0.3392
357.0	0.0245	-0.0	0.3415
358.0	0.0171	0.0021	0.339
359.0	0.024	0.0002	0.3413
360.0	0.0145	0.0016	0.3382
361.0	0.0107	-0.0	0.3369
362.0	0.0232	0.0007	0.3411
363.0	0.0143	0.0022	0.3381
364.0	0.0258	-0.0	0.3419
365.0	0.0176	0.001	0.3392
366.0	0.0149	0.0019	0.3383
367.0	0.0156	0.0043	0.3385
368.0	0.0163	-0.0	0.3388
369.0	0.0175	0.0023	0.3392
370.0	0.0179	-0.0	0.3393
371.0	0.0212	0.0	0.3404
372.0	0.0166	0.0045	0.3389
373.0	0.0146	0.0045	0.3382
374.0	0.0227	-0.0	0.3409
375.0	0.0114	0.002	0.3371
376.0	0.0135	0.0018	0.3378
377.0	0.0139	0.0034	0.338
378.0	0.0138	0.0042	0.3379
379.0	0.0213	0.0	0.3404
380.0	0.0127	0.0042	0.3376
381.0	0.017	0.0006	0.339
382.0	0.0161	0.0017	0.3387
383.0	0.0109	0.0062	0.337
384.0	0.0123	0.0051	0.3374
385.0	0.0175	-0.0	0.3392
386.0	0.015	0.0069	0.3383
387.0	0.0193	-0.0	0.3398
388.0	0.0183	-0.0	0.3394
389.0	0.018	0.0016	0.3393
390.0	0.0203	0.0045	0.3401
391.0	0.0166	0.0009	0.3389
392.0	0.0182	-0.0	0.3394
393.0	0.0195	0.0001	0.3398
394.0	0.0215	0.0015	0.3405
395.0	0.0208	-0.0	0.3403
396.0	0.0163	0.0027	0.3388
397.0	0.0169	0.0003	0.339
398.0	0.0177	0.0001	0.3392
399.0	0.0176	0.0019	0.3392
400.0	0.0174	0.0018	0.3391
401.0	0.0125	0.0071	0.3375
402.0	0.0196	0.002	0.3399
403.0	0.0228	0.0001	0.3409
404.0	0.0183	0.0025	0.3394
405.0	0.0105	0.0066	0.3368
406.0	0.019	0.001	0.3397
407.0	0.0268	-0.0	0.3423
408.0	0.0181	0.0012	0.3394
409.0	0.0142	0.0024	0.3381
410.0	0.032	0.0	0.344
411.0	0.02	-0.0	0.34
412.0	0.021	0.0007	0.3403
413.0	0.0189	-0.0	0.3396
414.0	0.0109	0.007	0.337
415.0	0.0094	0.0082	0.3365
416.0	0.0142	0.0006	0.3381
417.0	0.0204	-0.0	0.3401
418.0	0.0186	-0.0	0.3395
419.0	0.0138	0.0039	0.3379
420.0	0.0158	0.0036	0.3386
421.0	0.0169	0.0031	0.339
422.0	0.0073	0.0047	0.3358
423.0	0.0161	0.0014	0.3387
424.0	0.0171	0.006	0.339
425.0	0.0199	-0.0	0.34
426.0	0.0325	-0.0	0.3442
427.0	0.013	0.0076	0.3377
428.0	0.0118	0.0008	0.3373
429.0	0.0198	0.003	0.3399
430.0	0.01	0.0084	0.3367
431.0	0.0236	0.0024	0.3412
432.0	0.0125	0.0054	0.3375
433.0	0.0122	0.0036	0.3374
434.0	0.0186	0.0012	0.3395
435.0	0.0265	0.0	0.3422
436.0	0.0171	0.0004	0.339
437.0	0.0188	-0.0	0.3396
438.0	0.0095	0.0117	0.3365
439.0	0.0189	-0.0	0.3396
440.0	0.0192	0.0009	0.3397
441.0	0.0199	-0.0	0.34
442.0	0.0095	0.0033	0.3365
443.0	0.017	0.0004	0.339
444.0	0.0179	0.0019	0.3393
445.0	0.0189	-0.0	0.3396
446.0	0.014	0.0014	0.338
447.0	0.0255	-0.0	0.3418
448.0	0.0139	0.0024	0.338
449.0	0.0092	0.0042	0.3364
450.0	0.0124	0.0006	0.3375
451.0	0.0181	0.0027	0.3394
452.0	0.0098	0.0	0.3366
453.0	0.0199	-0.0	0.34
454.0	0.0166	0.005	0.3389
455.0	0.0117	0.0021	0.3372
456.0	0.0184	0.0047	0.3395
457.0	0.0185	0.0013	0.3395
458.0	0.0171	-0.0	0.339
459.0	0.0115	0.003	0.3372
460.0	0.017	0.0075	0.339
461.0	0.022	-0.0	0.3407
462.0	0.013	-0.0	0.3377
463.0	0.0139	0.0053	0.338
464.0	0.0128	0.0	0.3376
465.0	0.0126	0.0024	0.3375
466.0	0.0184	0.0004	0.3395
467.0	0.0105	0.005	0.3368
468.0	0.0195	0.005	0.3398
469.0	0.0217	0.0012	0.3406
470.0	0.0157	0.0001	0.3386
471.0	0.0147	0.001	0.3382
472.0	0.0181	0.0022	0.3394
473.0	0.0153	0.0023	0.3384
474.0	0.011	0.0044	0.337
475.0	0.0096	0.0042	0.3365
476.0	0.0117	0.0069	0.3372
477.0	0.0043	0.0085	0.3348
478.0	0.0197	0.0031	0.3399
479.0	0.0117	0.003	0.3372
480.0	0.0276	-0.0	0.3425
481.0	0.0168	0.0031	0.3389
482.0	0.0131	0.0	0.3377
483.0	0.0194	0.0006	0.3398
484.0	0.0147	0.0023	0.3382
485.0	0.0129	0.006	0.3376
486.0	0.0116	0.003	0.3372
487.0	0.0183	-0.0	0.3394
488.0	0.0085	0.0042	0.3362
489.0	0.0224	0.0005	0.3408
490.0	0.0136	0.0043	0.3379
491.0	0.0188	0.0065	0.3396
492.0	0.0136	-0.0	0.3379
493.0	0.0109	0.0105	0.337
494.0	0.0106	0.0075	0.3369
495.0	0.0111	0.0059	0.337
496.0	0.0087	0.01	0.3362
497.0	0.0078	0.0033	0.3359
498.0	0.0241	-0.0	0.3414
499.0	0.0145	-0.0	0.3382
500.0	0.0202	0.0059	0.3401
501.0	0.0103	0.0071	0.3368
502.0	0.0214	-0.0	0.3405
503.0	0.0162	0.0005	0.3387
504.0	0.0142	0.0104	0.3381
505.0	0.015	0.0036	0.3383
506.0	0.0179	0.0019	0.3393
507.0	0.0166	0.0033	0.3389
508.0	0.0105	0.0056	0.3368
509.0	0.0245	-0.0	0.3415
510.0	0.0212	-0.0	0.3404
511.0	0.0244	0.0	0.3415
512.0	0.0086	0.0059	0.3362
513.0	0.0205	-0.0	0.3402
514.0	0.0167	0.0022	0.3389
515.0	0.0213	0.0003	0.3404
516.0	0.0139	0.0045	0.338
517.0	0.0132	0.0042	0.3377
518.0	0.0179	0.0009	0.3393
519.0	0.0157	0.0022	0.3386
520.0	0.0137	0.0021	0.3379
521.0	0.0134	0.0117	0.3378
522.0	0.0113	0.0025	0.3371
523.0	0.0118	0.0085	0.3373
524.0	0.0124	0.0001	0.3375
525.0	0.0202	0.0027	0.3401
526.0	0.0181	0.0	0.3394
527.0	0.0281	-0.0	0.3427
528.0	0.0071	0.0043	0.3357
529.0	0.0286	-0.0	0.3429
530.0	0.0073	0.0041	0.3358
531.0	0.011	0.0056	0.337
532.0	0.0155	0.0049	0.3385
533.0	0.0168	-0.0	0.3389
534.0	0.0156	-0.0	0.3385
535.0	0.0122	0.0055	0.3374
536.0	0.018	-0.0	0.3393
537.0	0.0312	0.0	0.3437
538.0	0.0124	0.0046	0.3375
539.0	0.0113	0.0063	0.3371
540.0	0.0191	0.0007	0.3397
541.0	0.0198	-0.0	0.3399
542.0	0.0191	0.0065	0.3397
543.0	0.0145	0.0037	0.3382
544.0	0.0254	0.0013	0.3418
545.0	0.0144	0.0013	0.3381
546.0	0.0133	0.0019	0.3378
547.0	0.0162	0.0055	0.3387
548.0	0.0148	0.0017	0.3383
549.0	0.012	0.0032	0.3373
550.0	0.0164	0.0085	0.3388
551.0	0.0182	0.0031	0.3394
552.0	0.0167	0.0051	0.3389
553.0	0.0137	0.005	0.3379
554.0	0.0296	-0.0	0.3432
555.0	0.0199	0.0	0.34
556.0	0.0181	-0.0	0.3394
557.0	0.0177	-0.0	0.3392
558.0	0.0161	0.0001	0.3387
559.0	0.0179	0.0029	0.3393
560.0	0.0061	0.0042	0.3354
561.0	0.0212	0.0	0.3404
562.0	0.0169	0.0041	0.339
563.0	0.0154	0.0033	0.3385
564.0	0.0173	0.0033	0.3391
565.0	0.0194	0.0	0.3398
566.0	0.0265	-0.0	0.3422
567.0	0.0158	0.0011	0.3386
568.0	0.0231	-0.0	0.341
569.0	0.0169	0.0066	0.339
570.0	0.0181	0.0001	0.3394
571.0	0.0143	-0.0	0.3381
572.0	0.0233	0.0004	0.3411
573.0	0.0127	0.0048	0.3376
574.0	0.0093	0.0022	0.3364
575.0	0.013	0.0069	0.3377
576.0	0.0148	0.0042	0.3383
577.0	0.0194	-0.0	0.3398
578.0	0.0201	0.0	0.34
579.0	0.0259	-0.0	0.342
580.0	0.0201	-0.0	0.34
581.0	0.0123	0.0007	0.3374
582.0	0.0211	-0.0	0.3404
583.0	0.0221	0.0	0.3407
584.0	0.0145	0.0057	0.3382
585.0	0.0065	0.0063	0.3355
586.0	0.0237	-0.0	0.3412
587.0	0.0123	0.0072	0.3374
588.0	0.017	0.0021	0.339
589.0	0.0078	0.0099	0.3359
590.0	0.0165	0.0005	0.3388
591.0	0.0197	0.0011	0.3399
592.0	0.0122	0.0089	0.3374
593.0	0.0186	0.001	0.3395
594.0	0.0097	0.0042	0.3366
595.0	0.0149	0.0039	0.3383
596.0	0.0194	0.0	0.3398
597.0	0.0197	0.0	0.3399
598.0	0.0191	0.0045	0.3397
599.0	0.0246	0.0	0.3415
600.0	0.0113	0.0058	0.3371
601.0	0.0118	0.0074	0.3373
602.0	0.0164	0.0021	0.3388
603.0	0.0116	0.0008	0.3372
604.0	0.0118	0.0041	0.3373
605.0	0.0203	-0.0	0.3401
606.0	0.0185	0.0002	0.3395
607.0	0.0138	-0.0	0.3379
608.0	0.0049	0.0159	0.335
609.0	0.0173	0.003	0.3391
610.0	0.0208	-0.0	0.3403
611.0	0.012	0.0062	0.3373
612.0	0.0146	0.001	0.3382
613.0	0.0105	0.0014	0.3368
614.0	0.009	0.0064	0.3363
615.0	0.0228	-0.0	0.3409
616.0	0.0082	0.0071	0.3361
617.0	0.0088	0.0083	0.3363
618.0	0.0177	-0.0	0.3392
619.0	0.0106	0.0094	0.3369
620.0	0.0091	0.0052	0.3364
621.0	0.0177	0.0017	0.3392
622.0	0.0147	0.0075	0.3382
623.0	0.0219	0.0	0.3406
624.0	0.017	-0.0	0.339
625.0	0.0181	0.0099	0.3394
626.0	0.0129	0.0065	0.3376
627.0	0.0091	0.0104	0.3364
628.0	0.0178	-0.0	0.3393
629.0	0.0102	0.0002	0.3367
630.0	0.0186	-0.0	0.3395
631.0	0.0141	0.0046	0.338
632.0	0.0126	0.0011	0.3375
633.0	0.0125	0.008	0.3375
634.0	0.014	0.0036	0.338
635.0	0.0125	0.0056	0.3375
636.0	0.011	0.0017	0.337
637.0	0.0178	-0.0	0.3393
638.0	0.0098	0.0069	0.3366
639.0	0.021	-0.0	0.3403
640.0	0.0193	0.0003	0.3398
641.0	0.0191	-0.0	0.3397
642.0	0.0112	0.0069	0.3371
643.0	0.0196	0.0001	0.3399
644.0	0.016	0.0012	0.3387
645.0	0.0233	0.0011	0.3411
646.0	0.0113	0.0056	0.3371
647.0	0.0187	-0.0	0.3396
648.0	0.0143	0.0007	0.3381
649.0	0.0154	0.0	0.3385
650.0	0.0088	0.0096	0.3363
651.0	0.0123	0.004	0.3374
652.0	0.0205	-0.0	0.3402
653.0	0.0223	-0.0	0.3408
654.0	0.0121	0.0073	0.3374
655.0	0.0238	0.0069	0.3413
656.0	0.0208	-0.0	0.3403
657.0	0.0254	0.0001	0.3418
658.0	0.0176	0.005	0.3392
659.0	0.0172	0.0032	0.3391
660.0	0.0177	0.0001	0.3392
661.0	0.0088	0.002	0.3363
662.0	0.0203	0.0009	0.3401
663.0	0.0112	0.0036	0.3371
664.0	0.0122	0.0037	0.3374
665.0	0.0153	0.0026	0.3384
666.0	0.014	0.0029	0.338
667.0	0.0166	0.0051	0.3389
668.0	0.0108	0.0055	0.3369
669.0	0.017	0.0002	0.339
670.0	0.0107	0.01	0.3369
671.0	0.0135	0.0022	0.3378
672.0	0.0209	0.0003	0.3403
673.0	0.0097	0.0044	0.3366
674.0	0.0225	-0.0	0.3408
675.0	0.0182	0.0015	0.3394
676.0	0.0145	0.0	0.3382
677.0	0.0275	-0.0	0.3425
678.0	0.0094	0.0046	0.3365
679.0	0.0119	0.0039	0.3373
680.0	0.0159	0.0039	0.3386
681.0	0.0239	-0.0	0.3413
682.0	0.0111	0.0072	0.337
683.0	0.0154	0.0045	0.3385
684.0	0.0132	0.0	0.3377
685.0	0.0194	0.0002	0.3398
686.0	0.0152	-0.0	0.3384
687.0	0.0164	-0.0	0.3388
688.0	0.0165	0.0032	0.3388
689.0	0.0241	0.0006	0.3414
690.0	0.0165	0.0	0.3388
691.0	0.0118	0.0002	0.3373
692.0	0.0113	0.0023	0.3371
693.0	0.0114	0.0055	0.3371
694.0	0.0134	0.0006	0.3378
695.0	0.0083	0.0069	0.3361
696.0	0.012	0.004	0.3373
697.0	0.0191	0.0001	0.3397
698.0	0.0095	0.0055	0.3365
699.0	0.014	0.0012	0.338
700.0	0.015	0.0017	0.3383
701.0	0.0267	-0.0	0.3422
702.0	0.026	-0.0	0.342
703.0	0.0163	-0.0	0.3388
704.0	0.0103	0.0044	0.3368
705.0	0.0161	0.0028	0.3387
706.0	0.0132	0.0006	0.3377
707.0	0.009	0.0091	0.3363
708.0	0.0129	0.0006	0.3376
709.0	0.0125	0.0033	0.3375
710.0	0.0226	0.001	0.3409
711.0	0.0143	0.0004	0.3381
712.0	0.0152	0.0036	0.3384
713.0	0.0138	0.0027	0.3379
714.0	0.0119	-0.0	0.3373
715.0	0.0176	-0.0	0.3392
716.0	0.022	0.0008	0.3407
717.0	0.0037	0.0177	0.3346
718.0	0.0069	0.0101	0.3356
719.0	0.0109	0.0037	0.337
720.0	0.013	0.0032	0.3377
721.0	0.0038	0.013	0.3346
722.0	0.012	0.0001	0.3373
723.0	0.0212	0.0001	0.3404
724.0	0.0164	-0.0	0.3388
725.0	0.0204	-0.0	0.3401
726.0	0.0137	0.0088	0.3379
727.0	0.0232	-0.0	0.3411
728.0	0.0161	0.0059	0.3387
729.0	0.0116	0.0098	0.3372
730.0	0.0187	-0.0	0.3396
731.0	0.0141	0.0046	0.338
732.0	0.0288	-0.0	0.3429
733.0	0.024	0.0	0.3413
734.0	0.0142	0.0014	0.3381
735.0	0.0193	-0.0	0.3398
736.0	0.018	0.0001	0.3393
737.0	0.0218	0.0008	0.3406
738.0	0.0299	-0.0	0.3433
739.0	0.0167	0.004	0.3389
740.0	0.0098	0.0027	0.3366
741.0	0.0122	0.0092	0.3374
742.0	0.0104	0.0043	0.3368
743.0	0.0143	0.0087	0.3381
744.0	0.0208	0.0002	0.3403
745.0	0.0094	0.0076	0.3365
746.0	0.0058	0.0073	0.3353
747.0	0.0114	0.0092	0.3371
748.0	0.0122	0.0064	0.3374
749.0	0.0099	0.0036	0.3366
750.0	0.0124	0.001	0.3375
751.0	0.0212	0.0	0.3404
752.0	0.0077	0.0064	0.3359
753.0	0.0123	0.0025	0.3374
754.0	0.0134	0.0037	0.3378
755.0	0.0114	0.0045	0.3371
756.0	0.0169	0.0007	0.339
757.0	0.0144	-0.0	0.3381
758.0	0.0088	0.009	0.3363
759.0	0.0196	0.0011	0.3399
760.0	0.0171	-0.0	0.339
761.0	0.0126	0.004	0.3375
762.0	0.0234	-0.0	0.3411
763.0	0.0147	0.0056	0.3382
764.0	0.0189	0.0013	0.3396
765.0	0.0144	-0.0	0.3381
766.0	0.0119	0.0042	0.3373
767.0	0.0196	0.0063	0.3399
768.0	0.019	0.0021	0.3397
769.0	0.0173	0.0025	0.3391
770.0	0.0168	0.0021	0.3389
771.0	0.0147	0.0038	0.3382
772.0	0.0246	-0.0	0.3415
773.0	0.0112	0.0043	0.3371
774.0	0.0105	0.0033	0.3368
775.0	0.0108	0.0006	0.3369
776.0	0.016	-0.0	0.3387
777.0	0.0162	-0.0	0.3387
778.0	0.0088	0.0058	0.3363
779.0	0.0193	0.0	0.3398
780.0	0.012	0.0001	0.3373
781.0	0.0099	0.0047	0.3366
782.0	0.0075	0.0067	0.3358
783.0	0.0164	0.0012	0.3388
784.0	0.0106	-0.0	0.3369
785.0	0.019	0.0002	0.3397
786.0	0.0135	0.0026	0.3378
787.0	0.0125	0.0009	0.3375
788.0	0.0142	0.0012	0.3381
789.0	0.0167	0.0011	0.3389
790.0	0.0149	-0.0	0.3383
791.0	0.014	0.0012	0.338
792.0	0.0199	0.0001	0.34
793.0	0.016	-0.0	0.3387
794.0	0.0204	0.0001	0.3401
795.0	0.0211	0.0045	0.3404
796.0	0.0144	0.0045	0.3381
797.0	0.0157	0.0018	0.3386
798.0	0.0169	0.0062	0.339
799.0	0.0105	0.0088	0.3368
800.0	0.0184	-0.0	0.3395
801.0	0.0098	0.0043	0.3366
802.0	0.0177	0.0058	0.3392
803.0	0.012	0.0042	0.3373
804.0	0.0188	-0.0	0.3396
805.0	0.0081	0.0029	0.336
806.0	0.0203	-0.0	0.3401
807.0	0.0147	0.0003	0.3382
808.0	0.0108	0.0022	0.3369
809.0	0.0091	0.0084	0.3364
810.0	0.0162	-0.0	0.3387
811.0	0.0145	0.001	0.3382
812.0	0.0228	-0.0	0.3409
813.0	0.0212	-0.0	0.3404
814.0	0.0118	0.0017	0.3373
815.0	0.0159	0.0002	0.3386
816.0	0.0169	0.0	0.339
817.0	0.0134	0.0033	0.3378
818.0	0.022	-0.0	0.3407
819.0	0.0159	0.0018	0.3386
820.0	0.016	0.0002	0.3387
821.0	0.013	0.0035	0.3377
822.0	0.0197	-0.0	0.3399
823.0	0.0132	0.0067	0.3377
824.0	0.0213	0.0001	0.3404
825.0	0.0158	0.0065	0.3386
826.0	0.0142	0.0056	0.3381
827.0	0.0121	0.0078	0.3374
828.0	0.0177	0.0013	0.3392
829.0	0.0229	-0.0	0.341
830.0	0.0226	0.0019	0.3409
831.0	0.017	0.0048	0.339
832.0	0.0051	0.0056	0.335
833.0	0.021	-0.0	0.3403
834.0	0.0144	0.0008	0.3381
835.0	0.0108	0.0106	0.3369
836.0	0.0112	0.0005	0.3371
837.0	0.0207	-0.0	0.3402
838.0	0.016	0.0051	0.3387
839.0	0.0203	0.0	0.3401
840.0	0.0144	0.0004	0.3381
841.0	0.0155	0.0022	0.3385
842.0	0.0201	0.0002	0.34
843.0	0.0164	0.0	0.3388
844.0	0.0236	0.003	0.3412
845.0	0.0102	0.0037	0.3367
846.0	0.0273	-0.0	0.3424
847.0	0.0133	0.0026	0.3378
848.0	0.0151	0.0041	0.3384
849.0	0.0067	0.0068	0.3356
850.0	0.0217	-0.0	0.3406
851.0	0.0185	-0.0	0.3395
852.0	0.0223	0.0	0.3408
853.0	0.0145	0.0002	0.3382
854.0	0.02	0.0026	0.34
855.0	0.0062	0.0021	0.3354
856.0	0.016	0.0078	0.3387
857.0	0.0218	-0.0	0.3406
858.0	0.0206	-0.0	0.3402
859.0	0.0119	0.0036	0.3373
860.0	0.0211	-0.0	0.3404
861.0	0.0187	0.0047	0.3396
862.0	0.0216	-0.0	0.3405
863.0	0.0174	0.0015	0.3391
864.0	0.0187	0.0022	0.3396
865.0	0.0135	0.0028	0.3378
866.0	0.0204	0.0	0.3401
867.0	0.0142	0.0059	0.3381
868.0	0.0077	0.0149	0.3359
869.0	0.0097	0.0063	0.3366
870.0	0.0143	0.0016	0.3381
871.0	0.0266	-0.0	0.3422
872.0	0.0179	0.0005	0.3393
873.0	0.0229	-0.0	0.341
874.0	0.0198	-0.0	0.3399
875.0	0.0152	0.0032	0.3384
876.0	0.0179	0.0008	0.3393
877.0	0.022	0.0001	0.3407
878.0	0.0092	0.0107	0.3364
879.0	0.0207	-0.0	0.3402
880.0	0.0211	0.0021	0.3404
881.0	0.0262	-0.0	0.3421
882.0	0.0134	0.0033	0.3378
883.0	0.0184	0.0024	0.3395
884.0	0.0244	-0.0	0.3415
885.0	0.0087	0.0069	0.3362
886.0	0.0157	-0.0	0.3386
887.0	0.018	0.0009	0.3393
888.0	0.0198	-0.0	0.3399
889.0	0.023	-0.0	0.341
890.0	0.0126	0.0052	0.3375
891.0	0.0206	0.0006	0.3402
892.0	0.0118	0.0028	0.3373
893.0	0.0217	0.0003	0.3406
894.0	0.0144	0.0044	0.3381
895.0	0.0205	0.0013	0.3402
896.0	0.0094	0.0055	0.3365
897.0	0.0146	0.0037	0.3382
898.0	0.0177	-0.0	0.3392
899.0	0.016	0.001	0.3387
900.0	0.0169	0.0035	0.339
901.0	0.0114	0.011	0.3371
902.0	0.0176	-0.0	0.3392
903.0	0.0067	0.0041	0.3356
904.0	0.0124	0.0027	0.3375
905.0	0.0125	0.0059	0.3375
906.0	0.009	0.0097	0.3363
907.0	0.0198	0.0007	0.3399
908.0	0.018	0.0	0.3393
909.0	0.0181	-0.0	0.3394
910.0	0.017	0.0035	0.339
911.0	0.0211	-0.0	0.3404
912.0	0.0172	0.0011	0.3391
913.0	0.0191	-0.0	0.3397
914.0	0.0164	0.0063	0.3388
915.0	0.0148	0.0037	0.3383
916.0	0.0146	0.0075	0.3382
917.0	0.0243	-0.0	0.3414
918.0	0.0204	-0.0	0.3401
919.0	0.0116	0.0087	0.3372
920.0	0.0149	0.0017	0.3383
921.0	0.015	0.0026	0.3383
922.0	0.0111	0.0092	0.337
923.0	0.0223	-0.0	0.3408
924.0	0.0161	0.0018	0.3387
925.0	0.0125	0.0056	0.3375
926.0	0.017	0.0022	0.339
927.0	0.0106	0.0109	0.3369
928.0	0.018	0.0051	0.3393
929.0	0.0192	0.0	0.3397
930.0	0.0163	0.0019	0.3388
931.0	0.0166	0.0029	0.3389
932.0	0.0077	0.0075	0.3359
933.0	0.0085	0.0075	0.3362
934.0	0.0197	-0.0	0.3399
935.0	0.0104	0.0027	0.3368
936.0	0.0145	0.0024	0.3382
937.0	0.0199	-0.0	0.34
938.0	0.0147	0.0031	0.3382
939.0	0.0191	0.0009	0.3397
940.0	0.0186	-0.0	0.3395
941.0	0.0257	-0.0	0.3419
942.0	0.0194	0.0038	0.3398
943.0	0.0144	0.0007	0.3381
944.0	0.0149	0.002	0.3383
945.0	0.0213	-0.0	0.3404
946.0	0.009	0.0039	0.3363
947.0	0.0198	0.0	0.3399
948.0	0.0196	0.0021	0.3399
949.0	0.0086	0.0031	0.3362
950.0	0.02	-0.0	0.34
951.0	0.0141	0.0011	0.338
952.0	0.0207	0.0	0.3402
953.0	0.006	0.0109	0.3353
954.0	0.012	0.0074	0.3373
955.0	0.0104	0.0088	0.3368
956.0	0.0253	-0.0	0.3418
957.0	0.0121	0.0064	0.3374
958.0	0.0234	0.0002	0.3411
959.0	0.0151	0.0048	0.3384
960.0	0.0138	0.0018	0.3379
961.0	0.0129	0.0021	0.3376
962.0	0.0138	0.004	0.3379
963.0	0.0171	0.0005	0.339
964.0	0.0119	0.0011	0.3373
965.0	0.0238	0.0	0.3413
966.0	0.0185	-0.0	0.3395
967.0	0.0213	-0.0	0.3404
968.0	0.013	-0.0	0.3377
969.0	0.0106	0.0064	0.3369
970.0	0.0183	0.0011	0.3394
971.0	0.0167	0.0011	0.3389
972.0	0.013	0.0	0.3377
973.0	0.0199	0.0022	0.34
974.0	0.0126	0.0008	0.3375
975.0	0.0074	0.01	0.3358
976.0	0.0164	0.0003	0.3388
977.0	0.0187	0.0008	0.3396
978.0	0.0126	0.0014	0.3375
979.0	0.024	-0.0	0.3413
980.0	0.0074	0.0063	0.3358
981.0	0.019	-0.0	0.3397
982.0	0.015	0.0038	0.3383
983.0	0.0168	0.0022	0.3389
984.0	0.0147	0.0025	0.3382
985.0	0.0132	0.0022	0.3377
986.0	0.0154	-0.0	0.3385
987.0	0.0115	0.0086	0.3372
988.0	0.0175	-0.0	0.3392
989.0	0.0163	0.0027	0.3388
990.0	0.0084	0.0108	0.3361
991.0	0.013	0.0065	0.3377
992.0	0.0193	0.002	0.3398
993.0	0.0191	-0.0	0.3397
994.0	0.0225	-0.0	0.3408
995.0	0.0197	-0.0	0.3399
996.0	0.0139	0.0043	0.338
997.0	0.0109	0.0098	0.337
998.0	0.0232	0.0006	0.3411
999.0	0.0247	-0.0	0.3416
1000.0	0.007	0.0132	0.3357
