1.0	0.3216	-0.0	0.4405
2.0	0.0581	0.0	0.3527
3.0	0.1822	-0.0	0.3941
4.0	0.1909	-0.0	0.397
5.0	0.1708	-0.0	0.3903
6.0	0.2571	-0.0	0.419
7.0	0.3104	-0.0	0.4368
8.0	0.2273	0.0	0.4091
9.0	0.1935	-0.0	0.3978
10.0	0.2076	-0.0	0.4025
11.0	0.1273	-0.0	0.3758
12.0	0.2932	0.0	0.4311
13.0	0.144	-0.0	0.3813
14.0	0.1753	-0.0	0.3918
15.0	0.0852	-0.0	0.3617
16.0	0.2565	0.0	0.4188
17.0	0.1786	-0.0	0.3929
18.0	0.2026	-0.0	0.4009
19.0	0.2431	0.0	0.4144
20.0	0.1373	-0.0	0.3791
21.0	0.1248	-0.0	0.3749
22.0	0.2191	-0.0	0.4064
23.0	0.207	0.0	0.4023
24.0	0.148	-0.0	0.3827
25.0	0.1599	0.0023	0.3866
26.0	0.2428	-0.0	0.4143
27.0	0.1546	-0.0	0.3849
28.0	0.2148	0.0	0.4049
29.0	0.1539	-0.0	0.3846
30.0	0.2566	-0.0	0.4189
31.0	0.1323	0.0019	0.3774
32.0	0.1762	0.0	0.3921
33.0	0.1135	0.012	0.3712
34.0	0.2475	0.0	0.4158
35.0	0.2832	-0.0	0.4277
36.0	0.1971	-0.0	0.399
37.0	0.1361	0.0003	0.3787
38.0	0.2596	-0.0	0.4199
39.0	0.2398	-0.0	0.4133
40.0	0.2439	0.0	0.4146
41.0	0.2225	-0.0	0.4075
42.0	0.1983	0.0	0.3994
43.0	0.2015	-0.0	0.4005
44.0	0.1879	-0.0	0.396
45.0	0.2945	-0.0	0.4315
46.0	0.1718	-0.0	0.3906
47.0	0.1055	-0.0	0.3685
48.0	0.1955	-0.0	0.3985
49.0	0.2183	0.0	0.4061
50.0	0.1049	-0.0	0.3683
51.0	0.1358	-0.0	0.3786
52.0	0.1334	-0.0	0.3778
53.0	0.1464	-0.0	0.3821
54.0	0.1356	-0.0	0.3785
55.0	0.1768	-0.0	0.3923
56.0	0.1121	-0.0	0.3707
57.0	0.1779	-0.0	0.3926
58.0	0.163	-0.0	0.3877
59.0	0.3051	-0.0	0.435
60.0	0.2752	-0.0	0.4251
61.0	0.1897	-0.0	0.3966
62.0	0.2441	0.0	0.4147
63.0	0.2398	-0.0	0.4133
64.0	0.2824	0.0	0.4275
65.0	0.1215	-0.0	0.3738
66.0	0.1527	-0.0	0.3842
67.0	0.1386	-0.0	0.3795
68.0	0.1444	-0.0	0.3815
69.0	0.0812	0.0181	0.3604
70.0	0.3218	-0.0	0.4406
71.0	0.1637	0.0002	0.3879
72.0	0.1449	-0.0	0.3816
73.0	0.1728	-0.0	0.3909
74.0	0.224	-0.0	0.408
75.0	0.1696	-0.0	0.3899
76.0	0.2785	0.0	0.4262
77.0	0.1336	-0.0	0.3779
78.0	0.136	-0.0	0.3787
79.0	0.1243	-0.0	0.3748
80.0	0.1572	-0.0	0.3857
81.0	0.2058	-0.0	0.4019
82.0	0.2514	0.0	0.4171
83.0	0.2306	-0.0	0.4102
84.0	0.2209	-0.0	0.407
85.0	0.2064	-0.0	0.4021
86.0	0.1249	-0.0	0.375
87.0	0.1429	-0.0	0.381
88.0	0.1495	-0.0	0.3832
89.0	0.1361	-0.0	0.3787
90.0	0.1998	-0.0	0.3999
91.0	0.1941	0.0	0.398
92.0	0.1988	-0.0	0.3996
93.0	0.1497	-0.0	0.3832
94.0	0.2248	-0.0	0.4083
95.0	0.1579	-0.0	0.386
96.0	0.2711	-0.0	0.4237
97.0	0.164	-0.0	0.388
98.0	0.1446	-0.0	0.3815
99.0	0.2504	-0.0	0.4168
100.0	0.2744	-0.0	0.4248
101.0	0.1817	-0.0	0.3939
102.0	0.1753	0.0	0.3918
103.0	0.1859	-0.0	0.3953
104.0	0.1971	0.0002	0.399
105.0	0.194	-0.0	0.398
106.0	0.2092	-0.0	0.4031
107.0	0.3185	-0.0	0.4395
108.0	0.1445	-0.0	0.3815
109.0	0.1716	-0.0	0.3905
110.0	0.2009	-0.0	0.4003
111.0	0.1557	-0.0	0.3852
112.0	0.1622	-0.0	0.3874
113.0	0.1586	-0.0	0.3862
114.0	0.2515	-0.0	0.4172
115.0	0.1741	-0.0	0.3914
116.0	0.1377	-0.0	0.3792
117.0	0.1209	-0.0	0.3736
118.0	0.2069	-0.0	0.4023
119.0	0.1626	0.0	0.3875
120.0	0.1796	-0.0	0.3932
121.0	0.257	-0.0	0.419
122.0	0.1526	-0.0	0.3842
123.0	0.1724	-0.0	0.3908
124.0	0.1106	0.0014	0.3702
125.0	0.2006	-0.0	0.4002
126.0	0.1708	-0.0	0.3903
127.0	0.1341	-0.0	0.378
128.0	0.3036	-0.0	0.4345
129.0	0.2463	-0.0	0.4154
130.0	0.16	0.0	0.3867
131.0	0.2064	-0.0	0.4021
132.0	0.1604	-0.0	0.3868
133.0	0.1834	-0.0	0.3945
134.0	0.2181	-0.0	0.406
135.0	0.2103	-0.0	0.4034
136.0	0.1268	-0.0	0.3756
137.0	0.1834	-0.0	0.3945
138.0	0.2997	-0.0	0.4332
139.0	0.2537	-0.0	0.4179
140.0	0.2423	-0.0	0.4141
141.0	0.1376	-0.0	0.3792
142.0	0.222	-0.0	0.4073
143.0	0.2663	-0.0	0.4221
144.0	0.1566	-0.0	0.3855
145.0	0.2111	-0.0	0.4037
146.0	0.2574	-0.0	0.4191
147.0	0.259	-0.0	0.4197
148.0	0.1836	-0.0	0.3945
149.0	0.2798	-0.0	0.4266
150.0	0.2743	-0.0	0.4248
151.0	0.1902	-0.0	0.3967
152.0	0.1795	-0.0	0.3932
153.0	0.2129	-0.0	0.4043
154.0	0.2266	-0.0	0.4089
155.0	0.2994	-0.0	0.4331
156.0	0.2641	0.0	0.4214
157.0	0.1299	0.0	0.3766
158.0	0.1871	-0.0	0.3957
159.0	0.1626	-0.0	0.3875
160.0	0.1803	-0.0	0.3934
161.0	0.2619	-0.0	0.4206
162.0	0.1905	-0.0	0.3968
163.0	0.1177	-0.0	0.3726
164.0	0.1015	0.0	0.3672
165.0	0.2525	0.0	0.4175
166.0	0.2311	0.0	0.4104
167.0	0.2315	-0.0	0.4105
168.0	0.177	-0.0	0.3923
169.0	0.2401	0.0	0.4134
170.0	0.1298	-0.0	0.3766
171.0	0.219	0.0	0.4063
172.0	0.2109	-0.0	0.4036
173.0	0.3123	-0.0	0.4374
174.0	0.0945	-0.0	0.3648
175.0	0.1528	-0.0	0.3843
176.0	0.2825	0.0	0.4275
177.0	0.1836	-0.0	0.3945
178.0	0.2125	-0.0	0.4042
179.0	0.1909	-0.0	0.397
180.0	0.2968	-0.0	0.4323
181.0	0.2179	-0.0	0.406
182.0	0.1918	0.0	0.3973
183.0	0.1237	-0.0	0.3746
184.0	0.2176	-0.0	0.4059
185.0	0.303	-0.0	0.4343
186.0	0.1841	-0.0	0.3947
187.0	0.2716	-0.0	0.4239
188.0	0.1797	-0.0	0.3932
189.0	0.1717	-0.0	0.3906
190.0	0.273	0.0	0.4243
191.0	0.1595	0.001	0.3865
192.0	0.2449	-0.0	0.415
193.0	0.1974	-0.0	0.3991
194.0	0.3083	-0.0	0.4361
195.0	0.1826	-0.0	0.3942
196.0	0.1228	-0.0	0.3743
197.0	0.1376	-0.0	0.3792
198.0	0.185	-0.0	0.395
199.0	0.2181	-0.0	0.406
200.0	0.233	-0.0	0.411
201.0	0.2279	-0.0	0.4093
202.0	0.1674	-0.0	0.3891
203.0	0.2408	-0.0	0.4136
204.0	0.2649	-0.0	0.4216
205.0	0.2712	0.0	0.4237
206.0	0.2182	-0.0	0.4061
207.0	0.2347	-0.0	0.4116
208.0	0.3171	-0.0	0.439
209.0	0.0971	-0.0	0.3657
210.0	0.1064	-0.0	0.3688
211.0	0.1881	-0.0	0.396
212.0	0.2236	-0.0	0.4079
213.0	0.2473	-0.0	0.4158
214.0	0.3557	-0.0	0.4519
215.0	0.1719	-0.0	0.3906
216.0	0.1791	-0.0	0.393
217.0	0.2596	-0.0	0.4199
218.0	0.0866	0.0072	0.3622
219.0	0.1881	-0.0	0.396
220.0	0.1934	-0.0	0.3978
221.0	0.2181	-0.0	0.406
222.0	0.1688	-0.0	0.3896
223.0	0.1828	-0.0	0.3943
224.0	0.1407	-0.0	0.3802
225.0	0.1827	-0.0	0.3942
226.0	0.1878	-0.0	0.3959
227.0	0.1492	-0.0	0.3831
228.0	0.2704	-0.0	0.4235
229.0	0.1891	-0.0	0.3964
230.0	0.209	0.0	0.403
231.0	0.1832	-0.0	0.3944
232.0	0.2024	-0.0	0.4008
233.0	0.156	-0.0	0.3853
234.0	0.1637	-0.0	0.3879
235.0	0.1666	0.0001	0.3889
236.0	0.1175	0.0	0.3725
237.0	0.2171	-0.0	0.4057
238.0	0.183	-0.0	0.3943
239.0	0.2518	-0.0	0.4173
240.0	0.196	-0.0	0.3987
241.0	0.2576	0.0	0.4192
242.0	0.1166	0.0234	0.3722
243.0	0.2839	-0.0	0.428
244.0	0.2638	-0.0	0.4213
245.0	0.1897	0.0	0.3966
246.0	0.3408	-0.0	0.4469
247.0	0.1915	-0.0	0.3972
248.0	0.1785	-0.0	0.3928
249.0	0.195	-0.0	0.3983
250.0	0.2137	-0.0	0.4046
251.0	0.1559	-0.0	0.3853
252.0	0.1446	-0.0	0.3815
253.0	0.2419	-0.0	0.414
254.0	0.1522	-0.0	0.3841
255.0	0.2898	-0.0	0.4299
256.0	0.1342	-0.0	0.3781
257.0	0.1833	-0.0	0.3944
258.0	0.1745	-0.0	0.3915
259.0	0.2139	-0.0	0.4046
260.0	0.167	0.0	0.389
261.0	0.2848	-0.0	0.4283
262.0	0.1107	-0.0	0.3702
263.0	0.2565	0.0	0.4188
264.0	0.0674	0.0199	0.3558
265.0	0.2741	-0.0	0.4247
266.0	0.0601	-0.0	0.3534
267.0	0.3241	-0.0	0.4414
268.0	0.1716	-0.0	0.3905
269.0	0.1443	-0.0	0.3814
270.0	0.1516	-0.0	0.3839
271.0	0.2155	-0.0	0.4052
272.0	0.3081	-0.0	0.436
273.0	0.2059	-0.0	0.402
274.0	0.2294	0.0	0.4098
275.0	0.1625	0.0035	0.3875
276.0	0.1548	-0.0	0.3849
277.0	0.12	0.0114	0.3733
278.0	0.2452	-0.0	0.4151
279.0	0.0899	0.037	0.3633
280.0	0.1534	-0.0	0.3845
281.0	0.0487	0.0636	0.3496
282.0	0.1041	0.0013	0.368
283.0	0.2015	-0.0	0.4005
284.0	0.2371	-0.0	0.4124
285.0	0.1849	-0.0	0.395
286.0	0.274	-0.0	0.4247
287.0	0.2419	-0.0	0.414
288.0	0.1225	0.0002	0.3742
289.0	0.1703	-0.0	0.3901
290.0	0.1398	-0.0	0.3799
291.0	0.1926	-0.0	0.3975
292.0	0.1098	-0.0	0.3699
293.0	0.1616	-0.0	0.3872
294.0	0.0991	-0.0	0.3664
295.0	0.2032	-0.0	0.4011
296.0	0.1108	0.0	0.3703
297.0	0.2351	-0.0	0.4117
298.0	0.1786	-0.0	0.3929
299.0	0.3328	-0.0	0.4443
300.0	0.1479	-0.0	0.3826
301.0	0.1706	-0.0	0.3902
302.0	0.1621	-0.0	0.3874
303.0	0.1257	-0.0	0.3752
304.0	0.1096	-0.0	0.3699
305.0	0.1579	-0.0	0.386
306.0	0.2978	-0.0	0.4326
307.0	0.3245	-0.0	0.4415
308.0	0.1156	-0.0	0.3719
309.0	0.3865	-0.0	0.4622
310.0	0.1814	-0.0	0.3938
311.0	0.2476	-0.0	0.4159
312.0	0.1773	-0.0	0.3924
313.0	0.1671	-0.0	0.389
314.0	0.2086	-0.0	0.4029
315.0	0.2577	-0.0	0.4192
316.0	0.1874	-0.0	0.3958
317.0	0.0966	0.0254	0.3655
318.0	0.1922	-0.0	0.3974
319.0	0.2037	0.0	0.4012
320.0	0.2045	-0.0	0.4015
321.0	0.3139	-0.0	0.438
322.0	0.2256	-0.0	0.4085
323.0	0.1992	-0.0	0.3997
324.0	0.1882	-0.0	0.3961
325.0	0.2218	-0.0	0.4073
326.0	0.1078	0.0006	0.3693
327.0	0.1191	-0.0	0.373
328.0	0.1651	0.005	0.3884
329.0	0.1584	-0.0	0.3861
330.0	0.1666	-0.0	0.3889
331.0	0.1879	-0.0	0.396
332.0	0.1975	-0.0	0.3992
333.0	0.1257	-0.0	0.3752
334.0	0.2518	0.0	0.4173
335.0	0.218	-0.0	0.406
336.0	0.2186	-0.0	0.4062
337.0	0.2363	-0.0	0.4121
338.0	0.1071	-0.0	0.369
339.0	0.2697	-0.0	0.4232
340.0	0.2591	-0.0	0.4197
341.0	0.1509	-0.0	0.3836
342.0	0.3468	-0.0	0.4489
343.0	0.1711	-0.0	0.3904
344.0	0.1946	-0.0	0.3982
345.0	0.1941	-0.0	0.398
346.0	0.2602	-0.0	0.4201
347.0	0.0805	-0.0	0.3602
348.0	0.1075	-0.0	0.3692
349.0	0.1963	-0.0	0.3988
350.0	0.1866	-0.0	0.3955
351.0	0.1788	-0.0	0.3929
352.0	0.111	-0.0	0.3703
353.0	0.2272	-0.0	0.4091
354.0	0.2283	-0.0	0.4094
355.0	0.3039	-0.0	0.4346
356.0	0.1691	-0.0	0.3897
357.0	0.1359	-0.0	0.3786
358.0	0.1606	-0.0	0.3869
359.0	0.2338	-0.0	0.4113
360.0	0.1218	-0.0	0.3739
361.0	0.1439	-0.0	0.3813
362.0	0.2289	0.0	0.4096
363.0	0.1429	-0.0	0.381
364.0	0.2535	-0.0	0.4178
365.0	0.1163	-0.0	0.3721
366.0	0.2293	-0.0	0.4098
367.0	0.1925	-0.0	0.3975
368.0	0.3115	-0.0	0.4372
369.0	0.2148	-0.0	0.4049
370.0	0.1212	-0.0	0.3737
371.0	0.161	-0.0	0.387
372.0	0.117	-0.0	0.3723
373.0	0.2325	-0.0	0.4108
374.0	0.2029	0.0	0.401
375.0	0.2576	-0.0	0.4192
376.0	0.1451	0.0001	0.3817
377.0	0.1929	-0.0	0.3976
378.0	0.2149	-0.0	0.405
379.0	0.1901	-0.0	0.3967
380.0	0.2224	-0.0	0.4075
381.0	0.1582	0.0	0.3861
382.0	0.1376	-0.0	0.3792
383.0	0.198	-0.0	0.3993
384.0	0.1387	-0.0	0.3796
385.0	0.2156	-0.0	0.4052
386.0	0.1867	-0.0	0.3956
387.0	0.2955	-0.0	0.4318
388.0	0.1212	-0.0	0.3737
389.0	0.238	-0.0	0.4127
390.0	0.196	0.0	0.3987
391.0	0.3282	-0.0	0.4427
392.0	0.2504	-0.0	0.4168
393.0	0.1814	-0.0	0.3938
394.0	0.2231	0.0	0.4077
395.0	0.1813	0.0	0.3938
396.0	0.2208	-0.0	0.4069
397.0	0.222	-0.0	0.4073
398.0	0.3039	-0.0	0.4346
399.0	0.1282	-0.0	0.3761
400.0	0.2438	-0.0	0.4146
401.0	0.1795	-0.0	0.3932
402.0	0.2081	-0.0	0.4027
403.0	0.2398	-0.0	0.4133
404.0	0.2808	-0.0	0.4269
405.0	0.2422	0.0	0.4141
406.0	0.1668	-0.0	0.3889
407.0	0.126	0.0136	0.3753
408.0	0.1376	-0.0	0.3792
409.0	0.1374	-0.0	0.3791
410.0	0.1063	0.0024	0.3688
411.0	0.2344	-0.0	0.4115
412.0	0.2601	-0.0	0.42
413.0	0.2259	0.0	0.4086
414.0	0.1554	-0.0	0.3851
415.0	0.1252	-0.0	0.3751
416.0	0.2697	-0.0	0.4232
417.0	0.1407	-0.0	0.3802
418.0	0.2593	-0.0	0.4198
419.0	0.2405	0.0	0.4135
420.0	0.207	-0.0	0.4023
421.0	0.1643	-0.0	0.3881
422.0	0.1705	-0.0	0.3902
423.0	0.1364	-0.0	0.3788
424.0	0.1559	-0.0	0.3853
425.0	0.1852	-0.0	0.3951
426.0	0.2717	-0.0	0.4239
427.0	0.2208	-0.0	0.4069
428.0	0.2617	-0.0	0.4206
429.0	0.1536	-0.0	0.3845
430.0	0.3191	-0.0	0.4397
431.0	0.0685	0.0	0.3562
432.0	0.286	0.0	0.4287
433.0	0.1643	-0.0	0.3881
434.0	0.2096	-0.0	0.4032
435.0	0.2202	-0.0	0.4067
436.0	0.1938	-0.0	0.3979
437.0	0.3296	-0.0	0.4432
438.0	0.3373	-0.0	0.4458
439.0	0.2565	0.0	0.4188
440.0	0.2225	-0.0	0.4075
441.0	0.0811	-0.0	0.3604
442.0	0.1951	-0.0	0.3984
443.0	0.1875	-0.0	0.3958
444.0	0.2201	0.0	0.4067
445.0	0.1485	-0.0	0.3828
446.0	0.1615	-0.0	0.3872
447.0	0.21	-0.0	0.4033
448.0	0.2842	-0.0	0.4281
449.0	0.2073	-0.0	0.4024
450.0	0.2038	-0.0	0.4013
451.0	0.1141	-0.0	0.3714
452.0	0.2384	0.0	0.4128
453.0	0.2335	-0.0	0.4112
454.0	0.219	-0.0	0.4063
455.0	0.1708	-0.0	0.3903
456.0	0.1469	-0.0	0.3823
457.0	0.2236	-0.0	0.4079
458.0	0.2397	-0.0	0.4132
459.0	0.3058	-0.0	0.4353
460.0	0.1204	-0.0	0.3735
461.0	0.2408	-0.0	0.4136
462.0	0.2558	-0.0	0.4186
463.0	0.2363	0.0	0.4121
464.0	0.2249	0.0	0.4083
465.0	0.224	-0.0	0.408
466.0	0.0792	-0.0	0.3597
467.0	0.1196	-0.0	0.3732
468.0	0.2556	-0.0	0.4185
469.0	0.0806	-0.0	0.3602
470.0	0.1847	-0.0	0.3949
471.0	0.2847	-0.0	0.4282
472.0	0.2351	-0.0	0.4117
473.0	0.1054	-0.0	0.3685
474.0	0.1874	-0.0	0.3958
475.0	0.134	-0.0	0.378
476.0	0.2175	-0.0	0.4058
477.0	0.1495	0.0054	0.3832
478.0	0.2804	-0.0	0.4268
479.0	0.0812	-0.0	0.3604
480.0	0.132	-0.0	0.3773
481.0	0.1772	-0.0	0.3924
482.0	0.2101	-0.0	0.4034
483.0	0.1604	0.002	0.3868
484.0	0.1468	-0.0	0.3823
485.0	0.1129	0.0	0.371
486.0	0.2511	-0.0	0.417
487.0	0.2228	-0.0	0.4076
488.0	0.2286	-0.0	0.4095
489.0	0.1285	-0.0	0.3762
490.0	0.2436	-0.0	0.4145
491.0	0.1143	-0.0	0.3714
492.0	0.1822	-0.0	0.3941
493.0	0.2802	-0.0	0.4267
494.0	0.2169	-0.0	0.4056
495.0	0.2034	-0.0	0.4011
496.0	0.1999	-0.0	0.4
497.0	0.1469	-0.0	0.3823
498.0	0.1384	-0.0	0.3795
499.0	0.1941	-0.0	0.398
500.0	0.1786	-0.0	0.3929
501.0	0.166	-0.0	0.3887
502.0	0.1318	-0.0	0.3773
503.0	0.1344	-0.0	0.3781
504.0	0.2806	-0.0	0.4269
505.0	0.2247	-0.0	0.4082
506.0	0.2549	-0.0	0.4183
507.0	0.1679	-0.0	0.3893
508.0	0.2215	0.0	0.4072
509.0	0.1483	-0.0	0.3828
510.0	0.192	0.0	0.3973
511.0	0.093	0.0001	0.3643
512.0	0.1709	0.0	0.3903
513.0	0.1739	-0.0	0.3913
514.0	0.3277	-0.0	0.4426
515.0	0.2986	0.0	0.4329
516.0	0.236	0.0	0.412
517.0	0.2381	-0.0	0.4127
518.0	0.2208	0.0	0.4069
519.0	0.1903	-0.0	0.3968
520.0	0.2041	-0.0	0.4014
521.0	0.1674	-0.0	0.3891
522.0	0.2559	-0.0	0.4186
523.0	0.194	-0.0	0.398
524.0	0.1354	-0.0	0.3785
525.0	0.2003	-0.0	0.4001
526.0	0.1728	-0.0	0.3909
527.0	0.1571	-0.0	0.3857
528.0	0.1503	-0.0	0.3834
529.0	0.1248	-0.0	0.3749
530.0	0.1908	-0.0	0.3969
531.0	0.1431	-0.0	0.381
532.0	0.1503	-0.0	0.3834
533.0	0.1195	-0.0	0.3732
534.0	0.2549	-0.0	0.4183
535.0	0.1068	-0.0	0.3689
536.0	0.1749	-0.0	0.3916
537.0	0.2088	-0.0	0.4029
538.0	0.1974	-0.0	0.3991
539.0	0.2223	0.0	0.4074
540.0	0.1741	-0.0	0.3914
541.0	0.2001	-0.0	0.4
542.0	0.2177	-0.0	0.4059
543.0	0.2346	-0.0	0.4115
544.0	0.2096	-0.0	0.4032
545.0	0.1809	-0.0	0.3936
546.0	0.1963	-0.0	0.3988
547.0	0.1538	0.0	0.3846
548.0	0.1451	-0.0	0.3817
549.0	0.1595	-0.0	0.3865
550.0	0.1213	-0.0	0.3738
551.0	0.1835	-0.0	0.3945
552.0	0.1774	-0.0	0.3925
553.0	0.1241	-0.0	0.3747
554.0	0.1942	-0.0	0.3981
555.0	0.1707	-0.0	0.3902
556.0	0.2381	-0.0	0.4127
557.0	0.3888	-0.0	0.4629
558.0	0.1981	-0.0	0.3994
559.0	0.1816	-0.0	0.3939
560.0	0.1385	-0.0	0.3795
561.0	0.2217	-0.0	0.4072
562.0	0.2346	-0.0	0.4115
563.0	0.183	-0.0	0.3943
564.0	0.1487	-0.0	0.3829
565.0	0.2024	-0.0	0.4008
566.0	0.1817	-0.0	0.3939
567.0	0.1621	-0.0	0.3874
568.0	0.1878	-0.0	0.3959
569.0	0.3926	-0.0	0.4642
570.0	0.1345	0.0	0.3782
571.0	0.2767	-0.0	0.4256
572.0	0.2004	0.0017	0.4001
573.0	0.2954	-0.0	0.4318
574.0	0.2077	-0.0	0.4026
575.0	0.1481	-0.0	0.3827
576.0	0.2403	-0.0	0.4134
577.0	0.2991	-0.0	0.433
578.0	0.3589	-0.0	0.453
579.0	0.133	0.0006	0.3777
580.0	0.163	-0.0	0.3877
581.0	0.163	-0.0	0.3877
582.0	0.1305	0.0058	0.3768
583.0	0.2951	-0.0	0.4317
584.0	0.1575	-0.0	0.3858
585.0	0.1215	-0.0	0.3738
586.0	0.1928	-0.0	0.3976
587.0	0.1092	-0.0	0.3697
588.0	0.257	-0.0	0.419
589.0	0.1879	-0.0	0.396
590.0	0.3663	-0.0	0.4554
591.0	0.1601	-0.0	0.3867
592.0	0.1589	-0.0	0.3863
593.0	0.2207	0.0	0.4069
594.0	0.2715	-0.0	0.4238
595.0	0.2845	-0.0	0.4282
596.0	0.1153	-0.0	0.3718
597.0	0.186	-0.0	0.3953
598.0	0.1462	-0.0	0.3821
599.0	0.237	-0.0	0.4123
600.0	0.3414	-0.0	0.4471
601.0	0.0919	-0.0	0.364
602.0	0.135	-0.0	0.3783
603.0	0.1718	-0.0	0.3906
604.0	0.1281	-0.0	0.376
605.0	0.1967	-0.0	0.3989
606.0	0.1904	-0.0	0.3968
607.0	0.29	-0.0	0.43
608.0	0.1896	-0.0	0.3965
609.0	0.178	-0.0	0.3927
610.0	0.2427	-0.0	0.4142
611.0	0.3056	-0.0	0.4352
612.0	0.1385	-0.0	0.3795
613.0	0.2215	-0.0	0.4072
614.0	0.258	-0.0	0.4193
615.0	0.1963	-0.0	0.3988
616.0	0.2036	-0.0	0.4012
617.0	0.2545	-0.0	0.4182
618.0	0.197	-0.0	0.399
619.0	0.2666	-0.0	0.4222
620.0	0.1295	-0.0	0.3765
621.0	0.186	-0.0	0.3953
622.0	0.1093	-0.0	0.3698
623.0	0.1686	-0.0	0.3895
624.0	0.2594	-0.0	0.4198
625.0	0.1723	-0.0	0.3908
626.0	0.1487	-0.0	0.3829
627.0	0.2053	-0.0	0.4018
628.0	0.1087	-0.0	0.3696
629.0	0.1508	-0.0	0.3836
630.0	0.2846	-0.0	0.4282
631.0	0.1868	-0.0	0.3956
632.0	0.1462	-0.0	0.3821
633.0	0.289	-0.0	0.4297
634.0	0.1642	0.002	0.3881
635.0	0.2409	-0.0	0.4136
636.0	0.2868	-0.0	0.4289
637.0	0.1097	-0.0	0.3699
638.0	0.0814	-0.0	0.3605
639.0	0.1657	-0.0	0.3886
640.0	0.1373	-0.0	0.3791
641.0	0.1412	-0.0	0.3804
642.0	0.2361	-0.0	0.412
643.0	0.1595	-0.0	0.3865
644.0	0.1248	-0.0	0.3749
645.0	0.1051	-0.0	0.3684
646.0	0.2192	-0.0	0.4064
647.0	0.0951	-0.0	0.365
648.0	0.1033	-0.0	0.3678
649.0	0.1917	-0.0	0.3972
650.0	0.2761	-0.0	0.4254
651.0	0.1441	-0.0	0.3814
652.0	0.2513	-0.0	0.4171
653.0	0.1785	-0.0	0.3928
654.0	0.1805	-0.0	0.3935
655.0	0.0861	0.0194	0.362
656.0	0.1486	-0.0	0.3829
657.0	0.1254	-0.0	0.3751
658.0	0.2343	-0.0	0.4114
659.0	0.1621	-0.0	0.3874
660.0	0.2399	-0.0	0.4133
661.0	0.1695	-0.0	0.3898
662.0	0.1596	-0.0	0.3865
663.0	0.1386	-0.0	0.3795
664.0	0.1605	-0.0	0.3868
665.0	0.1768	0.0004	0.3923
666.0	0.2368	-0.0	0.4123
667.0	0.1704	-0.0	0.3901
668.0	0.243	-0.0	0.4143
669.0	0.1971	-0.0	0.399
670.0	0.1602	-0.0	0.3867
671.0	0.1536	-0.0	0.3845
672.0	0.2063	0.0	0.4021
673.0	0.3415	0.0	0.4472
674.0	0.2994	-0.0	0.4331
675.0	0.1591	-0.0	0.3864
676.0	0.1694	-0.0	0.3898
677.0	0.2885	-0.0	0.4295
678.0	0.192	-0.0	0.3973
679.0	0.2574	0.0005	0.4191
680.0	0.2415	-0.0	0.4138
681.0	0.2282	0.0	0.4094
682.0	0.1346	-0.0	0.3782
683.0	0.2132	-0.0	0.4044
684.0	0.1515	-0.0	0.3838
685.0	0.2444	0.0	0.4148
686.0	0.1759	-0.0	0.392
687.0	0.1689	0.0041	0.3896
688.0	0.1948	-0.0	0.3983
689.0	0.1583	-0.0	0.3861
690.0	0.1667	-0.0	0.3889
691.0	0.0862	0.0265	0.3621
692.0	0.2089	-0.0	0.403
693.0	0.1468	0.0056	0.3823
694.0	0.2311	-0.0	0.4104
695.0	0.1086	-0.0	0.3695
696.0	0.172	-0.0	0.3907
697.0	0.1526	-0.0	0.3842
698.0	0.2013	-0.0	0.4004
699.0	0.1442	-0.0	0.3814
700.0	0.2847	-0.0	0.4282
701.0	0.1931	-0.0	0.3977
702.0	0.2171	-0.0	0.4057
703.0	0.1097	0.0	0.3699
704.0	0.2084	-0.0	0.4028
705.0	0.1583	-0.0	0.3861
706.0	0.0678	-0.0	0.3559
707.0	0.2717	-0.0	0.4239
708.0	0.2484	-0.0	0.4161
709.0	0.1504	0.0	0.3835
710.0	0.1551	-0.0	0.385
711.0	0.0762	0.0143	0.3587
712.0	0.1308	0.0	0.3769
713.0	0.1695	-0.0	0.3898
714.0	0.2457	-0.0	0.4152
715.0	0.0504	0.0082	0.3501
716.0	0.0981	-0.0	0.366
717.0	0.2399	-0.0	0.4133
718.0	0.267	-0.0	0.4223
719.0	0.3202	-0.0	0.4401
720.0	0.2138	-0.0	0.4046
721.0	0.226	0.0	0.4087
722.0	0.2575	-0.0	0.4192
723.0	0.1265	-0.0	0.3755
724.0	0.1987	-0.0	0.3996
725.0	0.247	-0.0	0.4157
726.0	0.164	-0.0	0.388
727.0	0.1897	-0.0	0.3966
728.0	0.18	-0.0	0.3933
729.0	0.255	-0.0	0.4183
730.0	0.3501	-0.0	0.45
731.0	0.1389	-0.0	0.3796
732.0	0.1284	-0.0	0.3761
733.0	0.154	-0.0	0.3847
734.0	0.2368	-0.0	0.4123
735.0	0.2448	-0.0	0.4149
736.0	0.309	-0.0	0.4363
737.0	0.1435	-0.0	0.3812
738.0	0.3138	-0.0	0.4379
739.0	0.1464	-0.0	0.3821
740.0	0.1759	-0.0	0.392
741.0	0.1528	-0.0	0.3843
742.0	0.2601	-0.0	0.42
743.0	0.1872	-0.0	0.3957
744.0	0.24	-0.0	0.4133
745.0	0.2195	-0.0	0.4065
746.0	0.1162	-0.0	0.3721
747.0	0.2705	-0.0	0.4235
748.0	0.2295	-0.0	0.4098
749.0	0.3039	-0.0	0.4346
750.0	0.1176	-0.0	0.3725
751.0	0.1627	-0.0	0.3876
752.0	0.2449	-0.0	0.415
753.0	0.1893	-0.0	0.3964
754.0	0.1708	-0.0	0.3903
755.0	0.1675	-0.0	0.3892
756.0	0.157	-0.0	0.3857
757.0	0.2317	-0.0	0.4106
758.0	0.1541	-0.0	0.3847
759.0	0.157	-0.0	0.3857
760.0	0.2102	-0.0	0.4034
761.0	0.2238	0.0	0.4079
762.0	0.2615	-0.0	0.4205
763.0	0.2903	-0.0	0.4301
764.0	0.1652	-0.0	0.3884
765.0	0.3159	-0.0	0.4386
766.0	0.2774	-0.0	0.4258
767.0	0.1447	-0.0	0.3816
768.0	0.2789	0.0	0.4263
769.0	0.1967	-0.0	0.3989
770.0	0.214	-0.0	0.4047
771.0	0.2305	-0.0	0.4102
772.0	0.2106	-0.0	0.4035
773.0	0.2029	-0.0	0.401
774.0	0.1692	-0.0	0.3897
775.0	0.2281	-0.0	0.4094
776.0	0.239	-0.0	0.413
777.0	0.1301	-0.0	0.3767
778.0	0.2319	-0.0	0.4106
779.0	0.1394	-0.0	0.3798
780.0	0.2687	-0.0	0.4229
781.0	0.1218	-0.0	0.3739
782.0	0.1482	-0.0	0.3827
783.0	0.1363	-0.0	0.3788
784.0	0.1974	-0.0	0.3991
785.0	0.1662	-0.0	0.3887
786.0	0.1429	-0.0	0.381
787.0	0.2389	-0.0	0.413
788.0	0.2249	0.0	0.4083
789.0	0.2349	0.0	0.4116
790.0	0.1403	-0.0	0.3801
791.0	0.1772	-0.0	0.3924
792.0	0.197	-0.0	0.399
793.0	0.1945	-0.0	0.3982
794.0	0.2946	0.0	0.4315
795.0	0.1117	-0.0	0.3706
796.0	0.1251	-0.0	0.375
797.0	0.1753	-0.0	0.3918
798.0	0.1847	-0.0	0.3949
799.0	0.1071	-0.0	0.369
800.0	0.1857	-0.0	0.3952
801.0	0.2572	-0.0	0.4191
802.0	0.2903	-0.0	0.4301
803.0	0.1713	-0.0	0.3904
804.0	0.2845	-0.0	0.4282
805.0	0.1665	-0.0	0.3888
806.0	0.3306	-0.0	0.4435
807.0	0.1916	-0.0	0.3972
808.0	0.2385	-0.0	0.4128
809.0	0.1555	-0.0	0.3852
810.0	0.3263	-0.0	0.4421
811.0	0.2311	-0.0	0.4104
812.0	0.1452	-0.0	0.3817
813.0	0.1497	-0.0	0.3832
814.0	0.1451	-0.0	0.3817
815.0	0.3005	-0.0	0.4335
816.0	0.1192	-0.0	0.3731
817.0	0.2199	-0.0	0.4066
818.0	0.2563	0.0	0.4188
819.0	0.1987	0.0	0.3996
820.0	0.3052	0.0	0.4351
821.0	0.12	-0.0	0.3733
822.0	0.1827	-0.0	0.3942
823.0	0.2208	-0.0	0.4069
824.0	0.1447	-0.0	0.3816
825.0	0.21	-0.0	0.4033
826.0	0.2283	-0.0	0.4094
827.0	0.2622	-0.0	0.4207
828.0	0.2358	0.0	0.4119
829.0	0.1861	-0.0	0.3954
830.0	0.182	-0.0	0.394
831.0	0.1144	-0.0	0.3715
832.0	0.1587	0.0	0.3862
833.0	0.2143	0.0	0.4048
834.0	0.2691	-0.0	0.423
835.0	0.1932	0.0	0.3977
836.0	0.2283	-0.0	0.4094
837.0	0.0802	-0.0	0.3601
838.0	0.1863	-0.0	0.3954
839.0	0.1667	-0.0	0.3889
840.0	0.1961	-0.0	0.3987
841.0	0.2006	-0.0	0.4002
842.0	0.2144	-0.0	0.4048
843.0	0.1792	-0.0	0.3931
844.0	0.1289	0.002	0.3763
845.0	0.2409	-0.0	0.4136
846.0	0.191	-0.0	0.397
847.0	0.1277	-0.0	0.3759
848.0	0.1747	-0.0	0.3916
849.0	0.201	-0.0	0.4003
850.0	0.1789	-0.0	0.393
851.0	0.1435	-0.0	0.3812
852.0	0.1556	-0.0	0.3852
853.0	0.2112	-0.0	0.4037
854.0	0.1526	-0.0	0.3842
855.0	0.1931	-0.0	0.3977
856.0	0.1749	0.0072	0.3916
857.0	0.2771	-0.0	0.4257
858.0	0.1131	0.0095	0.371
859.0	0.2205	-0.0	0.4068
860.0	0.2042	-0.0	0.4014
861.0	0.1766	-0.0	0.3922
862.0	0.065	0.0171	0.355
863.0	0.2875	-0.0	0.4292
864.0	0.1266	-0.0	0.3755
865.0	0.1631	0.0118	0.3877
866.0	0.1294	-0.0	0.3765
867.0	0.1563	-0.0	0.3854
868.0	0.201	-0.0	0.4003
869.0	0.1458	-0.0	0.3819
870.0	0.1999	0.0	0.4
871.0	0.2195	-0.0	0.4065
872.0	0.1626	-0.0	0.3875
873.0	0.2988	-0.0	0.4329
874.0	0.1691	-0.0	0.3897
875.0	0.1674	-0.0	0.3891
876.0	0.1776	-0.0	0.3925
877.0	0.2126	-0.0	0.4042
878.0	0.2562	-0.0	0.4187
879.0	0.152	-0.0	0.384
880.0	0.2303	0.0	0.4101
881.0	0.3033	0.0	0.4344
882.0	0.1453	-0.0	0.3818
883.0	0.1866	-0.0	0.3955
884.0	0.1412	-0.0	0.3804
885.0	0.2019	0.0	0.4006
886.0	0.2492	-0.0	0.4164
887.0	0.2388	-0.0	0.4129
888.0	0.2901	-0.0	0.43
889.0	0.1189	-0.0	0.373
890.0	0.1568	-0.0	0.3856
891.0	0.0533	-0.0	0.3511
892.0	0.2006	0.0	0.4002
893.0	0.1924	-0.0	0.3975
894.0	0.2973	-0.0	0.4324
895.0	0.2548	-0.0	0.4183
896.0	0.1431	-0.0	0.381
897.0	0.2488	-0.0	0.4163
898.0	0.1502	-0.0	0.3834
899.0	0.2911	-0.0	0.4304
900.0	0.1766	-0.0	0.3922
901.0	0.1626	0.0015	0.3875
902.0	0.2041	-0.0	0.4014
903.0	0.1744	-0.0	0.3915
904.0	0.1902	-0.0	0.3967
905.0	0.1262	-0.0	0.3754
906.0	0.241	-0.0	0.4137
907.0	0.2411	-0.0	0.4137
908.0	0.273	-0.0	0.4243
909.0	0.2051	0.0004	0.4017
910.0	0.1733	-0.0	0.3911
911.0	0.2329	-0.0	0.411
912.0	0.1593	-0.0	0.3864
913.0	0.2634	-0.0	0.4211
914.0	0.2559	-0.0	0.4186
915.0	0.2922	-0.0	0.4307
916.0	0.1955	-0.0	0.3985
917.0	0.2245	-0.0	0.4082
918.0	0.3258	-0.0	0.4419
919.0	0.1455	-0.0	0.3818
920.0	0.1892	-0.0	0.3964
921.0	0.2128	-0.0	0.4043
922.0	0.1918	-0.0	0.3973
923.0	0.2623	-0.0	0.4208
924.0	0.1432	-0.0	0.3811
925.0	0.2149	-0.0	0.405
926.0	0.2668	-0.0	0.4223
927.0	0.2505	0.0	0.4168
928.0	0.1862	-0.0	0.3954
929.0	0.0871	0.0248	0.3624
930.0	0.1251	0.0084	0.375
931.0	0.1132	-0.0	0.3711
932.0	0.1988	-0.0	0.3996
933.0	0.0639	-0.0	0.3546
934.0	0.1443	-0.0	0.3814
935.0	0.2225	-0.0	0.4075
936.0	0.1604	0.0001	0.3868
937.0	0.2025	-0.0	0.4008
938.0	0.1515	0.0033	0.3838
939.0	0.1539	-0.0	0.3846
940.0	0.1794	-0.0	0.3931
941.0	0.2209	-0.0	0.407
942.0	0.2814	-0.0	0.4271
943.0	0.1882	-0.0	0.3961
944.0	0.2129	-0.0	0.4043
945.0	0.1659	-0.0	0.3886
946.0	0.1812	-0.0	0.3937
947.0	0.3477	-0.0	0.4492
948.0	0.1984	-0.0	0.3995
949.0	0.2373	0.0	0.4124
950.0	0.1146	-0.0	0.3715
951.0	0.2116	-0.0	0.4039
952.0	0.223	-0.0	0.4077
953.0	0.1575	-0.0	0.3858
954.0	0.1964	-0.0	0.3988
955.0	0.2033	-0.0	0.4011
956.0	0.1595	-0.0	0.3865
957.0	0.2018	-0.0	0.4006
958.0	0.2214	0.0	0.4071
959.0	0.3085	-0.0	0.4362
960.0	0.2834	-0.0	0.4278
961.0	0.2192	-0.0	0.4064
962.0	0.1211	-0.0	0.3737
963.0	0.2295	-0.0	0.4098
964.0	0.1473	-0.0	0.3824
965.0	0.1769	-0.0	0.3923
966.0	0.1635	-0.0	0.3878
967.0	0.1648	0.0	0.3883
968.0	0.124	-0.0	0.3747
969.0	0.1761	-0.0	0.392
970.0	0.2764	-0.0	0.4255
971.0	0.1802	-0.0	0.3934
972.0	0.0962	-0.0	0.3654
973.0	0.214	-0.0	0.4047
974.0	0.1232	0.0021	0.3744
975.0	0.2694	-0.0	0.4231
976.0	0.1974	-0.0	0.3991
977.0	0.2227	-0.0	0.4076
978.0	0.2741	-0.0	0.4247
979.0	0.162	-0.0	0.3873
980.0	0.2379	-0.0	0.4126
981.0	0.1987	-0.0	0.3996
982.0	0.1517	-0.0	0.3839
983.0	0.1774	0.0008	0.3925
984.0	0.1233	-0.0	0.3744
985.0	0.1232	-0.0	0.3744
986.0	0.2375	-0.0	0.4125
987.0	0.1574	-0.0	0.3858
988.0	0.2596	-0.0	0.4199
989.0	0.1852	-0.0	0.3951
990.0	0.2596	-0.0	0.4199
991.0	0.1906	-0.0	0.3969
992.0	0.2187	-0.0	0.4062
993.0	0.1569	-0.0	0.3856
994.0	0.1739	-0.0	0.3913
995.0	0.2636	-0.0	0.4212
996.0	0.216	-0.0	0.4053
997.0	0.2136	-0.0	0.4045
998.0	0.1341	-0.0	0.378
999.0	0.128	-0.0	0.376
1000.0	0.1666	-0.0	0.3889
