1.0	0.1013	0.0672	0.3671
2.0	0.1513	0.0317	0.3838
3.0	0.1033	0.084	0.3678
4.0	0.3045	-0.0	0.4348
5.0	0.1657	0.0128	0.3886
6.0	0.1822	0.0084	0.3941
7.0	0.1476	0.0496	0.3825
8.0	0.151	0.0517	0.3837
9.0	0.1091	0.0569	0.3697
10.0	0.2247	0.0172	0.4082
11.0	0.1375	0.055	0.3792
12.0	0.165	0.0734	0.3883
13.0	0.2871	-0.0	0.429
14.0	0.1863	0.0219	0.3954
15.0	0.2512	0.0013	0.4171
16.0	0.1909	0.0114	0.397
17.0	0.1345	0.0662	0.3782
18.0	0.1808	0.0084	0.3936
19.0	0.1467	0.0562	0.3822
20.0	0.2134	-0.0	0.4045
21.0	0.1229	0.0489	0.3743
22.0	0.2732	0.0136	0.4244
23.0	0.2905	0.0001	0.4302
24.0	0.2687	-0.0	0.4229
25.0	0.2545	0.0071	0.4182
26.0	0.0952	0.0565	0.3651
27.0	0.0691	0.1055	0.3564
28.0	0.2072	-0.0	0.4024
29.0	0.0924	0.031	0.3641
30.0	0.1754	0.0524	0.3918
31.0	0.1099	0.0853	0.37
32.0	0.1656	0.0533	0.3885
33.0	0.1129	0.0251	0.371
34.0	0.1829	-0.0	0.3943
35.0	0.2389	-0.0	0.413
36.0	0.1198	0.0444	0.3733
37.0	0.1104	0.0786	0.3701
38.0	0.1518	0.0589	0.3839
39.0	0.3397	-0.0	0.4466
40.0	0.2069	0.0205	0.4023
41.0	0.1234	0.0255	0.3745
42.0	0.151	0.0522	0.3837
43.0	0.2744	0.0002	0.4248
44.0	0.1473	0.048	0.3824
45.0	0.178	0.0236	0.3927
46.0	0.2898	0.0	0.4299
47.0	0.0867	0.055	0.3622
48.0	0.2375	-0.0	0.4125
49.0	0.1819	-0.0	0.394
50.0	0.1981	-0.0	0.3994
51.0	0.1628	0.0378	0.3876
52.0	0.1369	0.031	0.379
53.0	0.1471	0.0264	0.3824
54.0	0.2159	-0.0	0.4053
55.0	0.157	0.0783	0.3857
56.0	0.1755	0.0677	0.3918
57.0	0.1554	0.0391	0.3851
58.0	0.1835	0.0245	0.3945
59.0	0.1958	0.0015	0.3986
60.0	0.2574	0.0101	0.4191
61.0	0.2529	0.0052	0.4176
62.0	0.2729	-0.0	0.4243
63.0	0.1373	0.0758	0.3791
64.0	0.2246	0.0064	0.4082
65.0	0.1431	0.027	0.381
66.0	0.1724	0.0282	0.3908
67.0	0.1966	0.0131	0.3989
68.0	0.2146	0.01	0.4049
69.0	0.1761	0.0552	0.392
70.0	0.2588	0.023	0.4196
71.0	0.2193	0.0265	0.4064
72.0	0.1757	0.003	0.3919
73.0	0.1703	0.0083	0.3901
74.0	0.3614	-0.0	0.4538
75.0	0.2469	0.0303	0.4156
76.0	0.1889	0.027	0.3963
77.0	0.123	0.0019	0.3743
78.0	0.2136	0.0031	0.4045
79.0	0.2453	0.0324	0.4151
80.0	0.2284	0.0115	0.4095
81.0	0.183	0.0045	0.3943
82.0	0.2171	0.0044	0.4057
83.0	0.2206	-0.0	0.4069
84.0	0.2136	0.0257	0.4045
85.0	0.1093	0.0656	0.3698
86.0	0.1484	0.0528	0.3828
87.0	0.1453	0.0437	0.3818
88.0	0.2277	0.0357	0.4092
89.0	0.1394	0.0426	0.3798
90.0	0.1541	-0.0	0.3847
91.0	0.2307	-0.0	0.4102
92.0	0.2665	-0.0	0.4222
93.0	0.226	-0.0	0.4087
94.0	0.2575	0.0032	0.4192
95.0	0.1409	0.0349	0.3803
96.0	0.1513	0.0248	0.3838
97.0	0.1485	0.0629	0.3828
98.0	0.2318	-0.0	0.4106
99.0	0.1511	0.063	0.3837
100.0	0.2349	0.0066	0.4116
101.0	0.2347	0.015	0.4116
102.0	0.1809	0.0582	0.3936
103.0	0.1633	0.018	0.3878
104.0	0.1012	0.0895	0.3671
105.0	0.2451	0.0	0.415
106.0	0.2078	0.0287	0.4026
107.0	0.2041	0.0024	0.4014
108.0	0.1478	0.0522	0.3826
109.0	0.2568	0.0146	0.4189
110.0	0.181	0.0106	0.3937
111.0	0.1068	0.0784	0.3689
112.0	0.1278	0.0716	0.3759
113.0	0.3204	-0.0	0.4401
114.0	0.2517	0.0081	0.4172
115.0	0.2148	0.0267	0.4049
116.0	0.271	0.0002	0.4237
117.0	0.137	0.0369	0.379
118.0	0.1271	0.0396	0.3757
119.0	0.1835	0.0001	0.3945
120.0	0.2311	0.0107	0.4104
121.0	0.229	0.0014	0.4097
122.0	0.2596	0.0207	0.4199
123.0	0.1373	0.0232	0.3791
124.0	0.0837	0.0751	0.3612
125.0	0.2012	0.0147	0.4004
126.0	0.2544	0.0007	0.4181
127.0	0.1484	0.0508	0.3828
128.0	0.1415	0.0152	0.3805
129.0	0.2082	0.0341	0.4027
130.0	0.1154	0.1057	0.3718
131.0	0.2051	0.0021	0.4017
132.0	0.1272	0.0399	0.3757
133.0	0.2234	0.0034	0.4078
134.0	0.2025	0.0023	0.4008
135.0	0.2504	-0.0	0.4168
136.0	0.1453	0.0012	0.3818
137.0	0.1724	0.0153	0.3908
138.0	0.1873	0.0301	0.3958
139.0	0.1947	-0.0	0.3982
140.0	0.153	0.0254	0.3843
141.0	0.1746	0.0364	0.3915
142.0	0.2406	0.008	0.4135
143.0	0.1801	0.0075	0.3934
144.0	0.2139	-0.0	0.4046
145.0	0.2447	-0.0	0.4149
146.0	0.1569	0.0008	0.3856
147.0	0.1893	0.0032	0.3964
148.0	0.1571	0.0341	0.3857
149.0	0.1342	0.0523	0.3781
150.0	0.1597	0.0491	0.3866
151.0	0.238	0.0026	0.4127
152.0	0.1409	-0.0	0.3803
153.0	0.1679	0.0142	0.3893
154.0	0.2163	0.002	0.4054
155.0	0.1183	0.0538	0.3728
156.0	0.1776	0.0103	0.3925
157.0	0.1797	0.0194	0.3932
158.0	0.1384	0.028	0.3795
159.0	0.2325	-0.0	0.4108
160.0	0.2085	0.0106	0.4028
161.0	0.082	0.0998	0.3607
162.0	0.1917	0.0221	0.3972
163.0	0.1039	0.0647	0.368
164.0	0.0847	0.0546	0.3616
165.0	0.1687	0.0089	0.3896
166.0	0.1832	0.0114	0.3944
167.0	0.1571	0.0445	0.3857
168.0	0.1857	0.0	0.3952
169.0	0.1195	0.0509	0.3732
170.0	0.1339	0.0235	0.378
171.0	0.1214	0.0819	0.3738
172.0	0.2036	-0.0	0.4012
173.0	0.2666	0.0023	0.4222
174.0	0.187	0.0485	0.3957
175.0	0.2131	-0.0	0.4044
176.0	0.1856	0.0044	0.3952
177.0	0.1759	0.0321	0.392
178.0	0.1884	0.0033	0.3961
179.0	0.1591	0.057	0.3864
180.0	0.1112	0.0172	0.3704
181.0	0.1982	0.0223	0.3994
182.0	0.1383	0.0102	0.3794
183.0	0.1248	0.055	0.3749
184.0	0.2374	0.0016	0.4125
185.0	0.195	0.0113	0.3983
186.0	0.0785	0.0962	0.3595
187.0	0.1626	0.0238	0.3875
188.0	0.2108	0.0158	0.4036
189.0	0.2067	0.0205	0.4022
190.0	0.1764	0.0311	0.3921
191.0	0.1774	0.019	0.3925
192.0	0.1211	0.0716	0.3737
193.0	0.0947	0.0512	0.3649
194.0	0.1293	0.0158	0.3764
195.0	0.19	0.0198	0.3967
196.0	0.2283	0.0002	0.4094
197.0	0.204	0.0365	0.4013
198.0	0.0934	0.0495	0.3645
199.0	0.102	0.1231	0.3673
200.0	0.1796	0.0381	0.3932
201.0	0.0833	0.1123	0.3611
202.0	0.177	-0.0	0.3923
203.0	0.1793	0.0452	0.3931
204.0	0.1644	0.0345	0.3881
205.0	0.122	0.0666	0.374
206.0	0.2271	-0.0	0.409
207.0	0.1701	0.0187	0.39
208.0	0.1607	0.0283	0.3869
209.0	0.2181	0.0002	0.406
210.0	0.3269	-0.0	0.4423
211.0	0.1781	0.0328	0.3927
212.0	0.1005	0.0898	0.3668
213.0	0.1496	0.0449	0.3832
214.0	0.2143	0.0002	0.4048
215.0	0.2506	-0.0	0.4169
216.0	0.1813	0.0211	0.3938
217.0	0.1454	0.0928	0.3818
218.0	0.1318	0.057	0.3773
219.0	0.1172	0.0227	0.3724
220.0	0.1969	0.0385	0.399
221.0	0.1381	0.0522	0.3794
222.0	0.1718	0.0254	0.3906
223.0	0.3065	-0.0	0.4355
224.0	0.2019	-0.0	0.4006
225.0	0.1157	0.0631	0.3719
226.0	0.2244	0.0494	0.4081
227.0	0.2357	-0.0	0.4119
228.0	0.1474	0.0227	0.3825
229.0	0.1551	0.0007	0.385
230.0	0.3404	0.0002	0.4468
231.0	0.1671	0.025	0.389
232.0	0.3173	-0.0	0.4391
233.0	0.2993	0.0147	0.4331
234.0	0.1406	0.0483	0.3802
235.0	0.1579	0.012	0.386
236.0	0.2295	0.0	0.4098
237.0	0.1262	0.0534	0.3754
238.0	0.1647	0.001	0.3882
239.0	0.1868	-0.0	0.3956
240.0	0.0915	0.0519	0.3638
241.0	0.1485	0.024	0.3828
242.0	0.1239	0.0561	0.3746
243.0	0.1689	0.01	0.3896
244.0	0.3112	-0.0	0.4371
245.0	0.2464	0.0	0.4155
246.0	0.1193	0.0586	0.3731
247.0	0.2094	0.0303	0.4031
248.0	0.1648	0.0126	0.3883
249.0	0.1552	0.0311	0.3851
250.0	0.1443	0.0181	0.3814
251.0	0.2308	-0.0	0.4103
252.0	0.2369	0.0006	0.4123
253.0	0.125	0.0552	0.375
254.0	0.0713	0.1091	0.3571
255.0	0.1807	0.0068	0.3936
256.0	0.1109	0.0322	0.3703
257.0	0.203	0.0092	0.401
258.0	0.1328	0.018	0.3776
259.0	0.1921	0.018	0.3974
260.0	0.1729	0.0185	0.391
261.0	0.2829	0.0	0.4276
262.0	0.237	0.0097	0.4123
263.0	0.1439	0.0146	0.3813
264.0	0.2081	-0.0	0.4027
265.0	0.3185	0.0021	0.4395
266.0	0.1562	0.0439	0.3854
267.0	0.1193	0.0547	0.3731
268.0	0.1182	0.05	0.3727
269.0	0.1716	0.0265	0.3905
270.0	0.2261	0.0303	0.4087
271.0	0.1894	-0.0	0.3965
272.0	0.1077	0.0417	0.3692
273.0	0.0985	0.084	0.3662
274.0	0.1597	0.0625	0.3866
275.0	0.2887	0.0035	0.4296
276.0	0.2379	-0.0	0.4126
277.0	0.1661	0.0205	0.3887
278.0	0.0814	0.0718	0.3605
279.0	0.1083	0.0541	0.3694
280.0	0.1949	-0.0	0.3983
281.0	0.2643	0.0	0.4214
282.0	0.2311	0.0158	0.4104
283.0	0.1355	0.0228	0.3785
284.0	0.1479	0.0492	0.3826
285.0	0.1403	0.0162	0.3801
286.0	0.2012	0.0072	0.4004
287.0	0.214	0.0202	0.4047
288.0	0.1646	0.0018	0.3882
289.0	0.0894	0.0166	0.3631
290.0	0.1206	0.014	0.3735
291.0	0.094	0.0855	0.3647
292.0	0.2075	0.0018	0.4025
293.0	0.1723	0.0219	0.3908
294.0	0.1855	0.0274	0.3952
295.0	0.2247	0.0443	0.4082
296.0	0.1794	0.0183	0.3931
297.0	0.1427	0.0529	0.3809
298.0	0.2538	0.0001	0.4179
299.0	0.3061	0.0118	0.4354
300.0	0.1681	0.0104	0.3894
301.0	0.2333	0.0043	0.4111
302.0	0.1262	0.0316	0.3754
303.0	0.1566	0.0012	0.3855
304.0	0.2491	0.0029	0.4164
305.0	0.1581	0.0729	0.386
306.0	0.22	0.006	0.4067
307.0	0.2069	0.0208	0.4023
308.0	0.1905	0.0008	0.3968
309.0	0.1677	0.0353	0.3892
310.0	0.2307	0.0049	0.4102
311.0	0.1219	0.036	0.374
312.0	0.1796	0.012	0.3932
313.0	0.1881	0.0161	0.396
314.0	0.1931	0.0158	0.3977
315.0	0.1175	0.079	0.3725
316.0	0.1798	0.0411	0.3933
317.0	0.2594	0.0169	0.4198
318.0	0.0724	0.1169	0.3575
319.0	0.1937	0.0163	0.3979
320.0	0.174	0.0458	0.3913
321.0	0.1113	0.0739	0.3704
322.0	0.1434	0.0022	0.3811
323.0	0.1541	0.0316	0.3847
324.0	0.1796	0.0149	0.3932
325.0	0.2783	0.0	0.4261
326.0	0.1308	-0.0	0.3769
327.0	0.1652	0.051	0.3884
328.0	0.1609	0.0354	0.387
329.0	0.1908	0.0002	0.3969
330.0	0.098	0.0886	0.366
331.0	0.2244	0.0007	0.4081
332.0	0.1004	0.0759	0.3668
333.0	0.3181	-0.0	0.4394
334.0	0.1681	0.0466	0.3894
335.0	0.2072	-0.0	0.4024
336.0	0.2499	0.0288	0.4166
337.0	0.2012	0.006	0.4004
338.0	0.2777	-0.0	0.4259
339.0	0.1642	0.0066	0.3881
340.0	0.2382	0.0068	0.4127
341.0	0.217	-0.0	0.4057
342.0	0.2268	-0.0	0.4089
343.0	0.1577	0.0109	0.3859
344.0	0.2186	0.0369	0.4062
345.0	0.1862	0.0037	0.3954
346.0	0.1598	0.0017	0.3866
347.0	0.1868	0.0107	0.3956
348.0	0.1649	0.0331	0.3883
349.0	0.2564	0.0026	0.4188
350.0	0.2113	0.0158	0.4038
351.0	0.2682	0.0228	0.4227
352.0	0.1515	0.0405	0.3838
353.0	0.2091	0.0119	0.403
354.0	0.2213	-0.0	0.4071
355.0	0.1739	0.0394	0.3913
356.0	0.1956	0.0402	0.3985
357.0	0.1306	0.0748	0.3769
358.0	0.1404	0.0539	0.3801
359.0	0.1693	0.002	0.3898
360.0	0.2858	0.0339	0.4286
361.0	0.2103	0.0183	0.4034
362.0	0.1277	0.0615	0.3759
363.0	0.1902	0.0194	0.3967
364.0	0.2499	0.0159	0.4166
365.0	0.1936	0.0096	0.3979
366.0	0.3339	-0.0	0.4446
367.0	0.1684	0.0293	0.3895
368.0	0.0959	0.0602	0.3653
369.0	0.1716	0.0343	0.3905
370.0	0.1823	0.0183	0.3941
371.0	0.1907	0.0043	0.3969
372.0	0.2398	-0.0	0.4133
373.0	0.2598	0.0073	0.4199
374.0	0.2219	0.0084	0.4073
375.0	0.2322	-0.0	0.4107
376.0	0.1268	0.033	0.3756
377.0	0.2562	0.0	0.4187
378.0	0.1232	0.0238	0.3744
379.0	0.1332	0.0748	0.3777
380.0	0.222	0.0172	0.4073
381.0	0.1523	0.0465	0.3841
382.0	0.1167	0.0586	0.3722
383.0	0.1741	0.0343	0.3914
384.0	0.2032	0.0265	0.4011
385.0	0.2055	0.017	0.4018
386.0	0.1756	-0.0	0.3919
387.0	0.3577	0.0	0.4526
388.0	0.2052	0.0037	0.4017
389.0	0.2584	0.042	0.4195
390.0	0.1615	0.0044	0.3872
391.0	0.1592	0.0174	0.3864
392.0	0.1355	0.0508	0.3785
393.0	0.2468	-0.0	0.4156
394.0	0.1234	0.0679	0.3745
395.0	0.1756	0.0494	0.3919
396.0	0.1844	0.0076	0.3948
397.0	0.1621	0.0246	0.3874
398.0	0.1457	0.0493	0.3819
399.0	0.1743	0.0259	0.3914
400.0	0.0855	0.0296	0.3618
401.0	0.2502	-0.0	0.4167
402.0	0.2206	0.002	0.4069
403.0	0.2556	-0.0	0.4185
404.0	0.22	0.0	0.4067
405.0	0.1747	0.0477	0.3916
406.0	0.144	0.0693	0.3813
407.0	0.2178	-0.0	0.4059
408.0	0.2447	0.0006	0.4149
409.0	0.1838	0.0327	0.3946
410.0	0.107	0.0436	0.369
411.0	0.1486	0.0583	0.3829
412.0	0.0953	0.0519	0.3651
413.0	0.2148	0.0012	0.4049
414.0	0.1374	0.041	0.3791
415.0	0.1689	0.045	0.3896
416.0	0.3268	0.0006	0.4423
417.0	0.2219	-0.0	0.4073
418.0	0.168	0.038	0.3893
419.0	0.3479	0.0	0.4493
420.0	0.3233	0.0007	0.4411
421.0	0.2054	0.0183	0.4018
422.0	0.1962	0.0059	0.3987
423.0	0.3171	-0.0	0.439
424.0	0.1395	0.0527	0.3798
425.0	0.2298	0.0002	0.4099
426.0	0.1879	0.049	0.396
427.0	0.2278	0.0219	0.4093
428.0	0.1398	0.0325	0.3799
429.0	0.2942	0.0016	0.4314
430.0	0.2309	0.0239	0.4103
431.0	0.1743	0.025	0.3914
432.0	0.1849	0.0197	0.395
433.0	0.2681	-0.0	0.4227
434.0	0.1721	-0.0	0.3907
435.0	0.2278	0.0256	0.4093
436.0	0.2818	-0.0	0.4273
437.0	0.2151	0.0001	0.405
438.0	0.1112	0.034	0.3704
439.0	0.18	0.0	0.3933
440.0	0.1834	0.0071	0.3945
441.0	0.1863	0.0088	0.3954
442.0	0.1985	-0.0	0.3995
443.0	0.2498	-0.0	0.4166
444.0	0.1543	0.0098	0.3848
445.0	0.2539	0.0014	0.418
446.0	0.1617	0.0128	0.3872
447.0	0.1663	0.0452	0.3888
448.0	0.2203	0.0043	0.4068
449.0	0.2631	0.0049	0.421
450.0	0.2493	0.0049	0.4164
451.0	0.2317	-0.0	0.4106
452.0	0.1869	0.0269	0.3956
453.0	0.2595	0.0022	0.4198
454.0	0.3072	-0.0	0.4357
455.0	0.1916	0.0621	0.3972
456.0	0.1036	0.0666	0.3679
457.0	0.1813	0.0187	0.3938
458.0	0.2593	0.0	0.4198
459.0	0.2402	0.0047	0.4134
460.0	0.1754	0.0056	0.3918
461.0	0.191	0.0112	0.397
462.0	0.1324	0.0581	0.3775
463.0	0.164	0.0256	0.388
464.0	0.1119	0.0604	0.3706
465.0	0.2273	0.0276	0.4091
466.0	0.2763	-0.0	0.4254
467.0	0.1888	0.0026	0.3963
468.0	0.1358	0.0563	0.3786
469.0	0.1211	0.0573	0.3737
470.0	0.2201	-0.0	0.4067
471.0	0.2007	0.0092	0.4002
472.0	0.1783	0.0043	0.3928
473.0	0.1388	0.0595	0.3796
474.0	0.1277	0.066	0.3759
475.0	0.2088	0.0112	0.4029
476.0	0.327	-0.0	0.4423
477.0	0.093	0.0515	0.3643
478.0	0.169	0.037	0.3897
479.0	0.2813	0.012	0.4271
480.0	0.2213	0.0284	0.4071
481.0	0.1151	0.092	0.3717
482.0	0.2242	-0.0	0.4081
483.0	0.2128	0.003	0.4043
484.0	0.1419	0.0411	0.3806
485.0	0.2489	-0.0	0.4163
486.0	0.1366	0.0206	0.3789
487.0	0.3216	0.0	0.4405
488.0	0.2178	0.0448	0.4059
489.0	0.2963	0.0	0.4321
490.0	0.1931	0.0181	0.3977
491.0	0.1986	-0.0	0.3995
492.0	0.2611	-0.0	0.4204
493.0	0.159	0.0722	0.3863
494.0	0.2793	0.0226	0.4264
495.0	0.1932	0.0072	0.3977
496.0	0.1544	0.0012	0.3848
497.0	0.2054	0.0	0.4018
498.0	0.2129	0.0154	0.4043
499.0	0.1407	0.0664	0.3802
500.0	0.222	0.0326	0.4073
501.0	0.1101	0.0423	0.37
502.0	0.1661	0.0383	0.3887
503.0	0.1757	0.0127	0.3919
504.0	0.1374	0.0549	0.3791
505.0	0.2028	0.0006	0.4009
506.0	0.1544	-0.0	0.3848
507.0	0.1622	0.0151	0.3874
508.0	0.1138	0.0845	0.3713
509.0	0.2704	0.0146	0.4235
510.0	0.1533	0.012	0.3844
511.0	0.1384	0.0065	0.3795
512.0	0.3083	-0.0	0.4361
513.0	0.2061	0.0302	0.402
514.0	0.0906	0.1324	0.3635
515.0	0.24	-0.0	0.4133
516.0	0.1374	0.0653	0.3791
517.0	0.1515	0.0495	0.3838
518.0	0.1249	0.0323	0.375
519.0	0.2153	0.0238	0.4051
520.0	0.1232	0.0625	0.3744
521.0	0.1354	0.012	0.3785
522.0	0.2538	0.0009	0.4179
523.0	0.1339	0.0804	0.378
524.0	0.281	-0.0	0.427
525.0	0.2503	0.0276	0.4168
526.0	0.1716	0.0282	0.3905
527.0	0.0838	0.0576	0.3613
528.0	0.0929	0.0983	0.3643
529.0	0.2075	0.0	0.4025
530.0	0.1475	0.0446	0.3825
531.0	0.2063	-0.0	0.4021
532.0	0.2802	-0.0	0.4267
533.0	0.1026	0.092	0.3675
534.0	0.1265	0.0849	0.3755
535.0	0.3219	0.0	0.4406
536.0	0.1848	0.0151	0.3949
537.0	0.1934	0.0616	0.3978
538.0	0.0992	0.0526	0.3664
539.0	0.2064	0.0077	0.4021
540.0	0.1212	0.0119	0.3737
541.0	0.2936	0.0051	0.4312
542.0	0.1874	0.0067	0.3958
543.0	0.105	0.079	0.3683
544.0	0.191	0.011	0.397
545.0	0.1748	0.01	0.3916
546.0	0.0717	0.0712	0.3572
547.0	0.2402	0.0139	0.4134
548.0	0.137	0.041	0.379
549.0	0.2036	0.0138	0.4012
550.0	0.1729	0.0371	0.391
551.0	0.141	0.0001	0.3803
552.0	0.2699	0.0	0.4233
553.0	0.2511	0.0069	0.417
554.0	0.1814	0.0373	0.3938
555.0	0.1224	0.0288	0.3741
556.0	0.2426	0.0127	0.4142
557.0	0.2075	0.0253	0.4025
558.0	0.1648	0.0058	0.3883
559.0	0.0786	0.1104	0.3595
560.0	0.2012	0.0464	0.4004
561.0	0.1517	0.0154	0.3839
562.0	0.1587	0.0189	0.3862
563.0	0.0501	0.1004	0.35
564.0	0.1962	-0.0	0.3987
565.0	0.1166	0.0437	0.3722
566.0	0.1086	0.0614	0.3695
567.0	0.2041	0.0158	0.4014
568.0	0.2111	0.0095	0.4037
569.0	0.1223	0.0598	0.3741
570.0	0.2414	-0.0	0.4138
571.0	0.2088	-0.0	0.4029
572.0	0.1513	0.0203	0.3838
573.0	0.1159	0.0383	0.372
574.0	0.2426	0.0196	0.4142
575.0	0.1035	0.0456	0.3678
576.0	0.2071	0.0	0.4024
577.0	0.1042	0.0702	0.3681
578.0	0.28	0.0028	0.4267
579.0	0.2173	0.0062	0.4058
580.0	0.2512	0.0069	0.4171
581.0	0.219	0.0301	0.4063
582.0	0.241	0.0044	0.4137
583.0	0.1969	0.0377	0.399
584.0	0.1953	0.0718	0.3984
585.0	0.2245	0.0085	0.4082
586.0	0.0795	0.081	0.3598
587.0	0.1748	0.0432	0.3916
588.0	0.1187	0.0519	0.3729
589.0	0.0669	0.1332	0.3556
590.0	0.1897	0.0365	0.3966
591.0	0.1087	0.0847	0.3696
592.0	0.2105	0.026	0.4035
593.0	0.2075	0.008	0.4025
594.0	0.1472	0.0352	0.3824
595.0	0.1976	0.0291	0.3992
596.0	0.0591	0.0324	0.353
597.0	0.2951	-0.0	0.4317
598.0	0.2509	0.0032	0.417
599.0	0.2377	0.0031	0.4126
600.0	0.2513	0.0092	0.4171
601.0	0.1162	0.0985	0.3721
602.0	0.1223	0.0685	0.3741
603.0	0.2236	-0.0	0.4079
604.0	0.2086	0.0054	0.4029
605.0	0.2123	0.0232	0.4041
606.0	0.1748	0.0279	0.3916
607.0	0.1943	0.0565	0.3981
608.0	0.0799	0.0961	0.36
609.0	0.1858	0.0077	0.3953
610.0	0.1532	0.0317	0.3844
611.0	0.2184	-0.0	0.4061
612.0	0.2786	-0.0	0.4262
613.0	0.1493	0.0162	0.3831
614.0	0.1659	0.0073	0.3886
615.0	0.2059	0.0191	0.402
616.0	0.2908	-0.0	0.4303
617.0	0.1802	0.0081	0.3934
618.0	0.2338	0.0139	0.4113
619.0	0.1543	-0.0	0.3848
620.0	0.1586	0.0095	0.3862
621.0	0.1417	0.0389	0.3806
622.0	0.1617	0.0422	0.3872
623.0	0.137	0.0422	0.379
624.0	0.2371	0.0139	0.4124
625.0	0.203	-0.0	0.401
626.0	0.1458	0.0742	0.3819
627.0	0.1772	0.0365	0.3924
628.0	0.1374	0.0381	0.3791
629.0	0.1949	0.0034	0.3983
630.0	0.2784	0.0	0.4261
631.0	0.2537	0.0	0.4179
632.0	0.2941	-0.0	0.4314
633.0	0.2138	0.0335	0.4046
634.0	0.1913	0.0224	0.3971
635.0	0.2082	0.0001	0.4027
636.0	0.1395	0.0275	0.3798
637.0	0.1662	0.0455	0.3887
638.0	0.1783	0.013	0.3928
639.0	0.0534	0.0879	0.3511
640.0	0.1335	0.0375	0.3778
641.0	0.2267	0.0075	0.4089
642.0	0.1694	0.0162	0.3898
643.0	0.1169	0.0557	0.3723
644.0	0.0978	0.0739	0.3659
645.0	0.1622	0.0498	0.3874
646.0	0.2192	-0.0	0.4064
647.0	0.1114	0.0848	0.3705
648.0	0.1753	-0.0	0.3918
649.0	0.1942	-0.0	0.3981
650.0	0.3596	0.0	0.4532
651.0	0.0617	0.0464	0.3539
652.0	0.0816	0.0687	0.3605
653.0	0.2122	0.0031	0.4041
654.0	0.2485	-0.0	0.4162
655.0	0.273	0.0001	0.4243
656.0	0.0638	0.0786	0.3546
657.0	0.2144	0.0296	0.4048
658.0	0.1179	0.0245	0.3726
659.0	0.2031	0.0284	0.401
660.0	0.139	0.0462	0.3797
661.0	0.23	-0.0	0.41
662.0	0.1645	0.0196	0.3882
663.0	0.2041	0.0355	0.4014
664.0	0.1067	0.0977	0.3689
665.0	0.1223	0.0589	0.3741
666.0	0.235	-0.0	0.4117
667.0	0.1791	0.0106	0.393
668.0	0.1653	-0.0	0.3884
669.0	0.1735	0.0647	0.3912
670.0	0.1532	0.032	0.3844
671.0	0.2357	0.0001	0.4119
672.0	0.1965	0.0347	0.3988
673.0	0.1322	0.0498	0.3774
674.0	0.1443	0.0115	0.3814
675.0	0.2649	0.0006	0.4216
676.0	0.1232	0.0409	0.3744
677.0	0.2086	-0.0	0.4029
678.0	0.0727	0.0807	0.3576
679.0	0.1533	0.0521	0.3844
680.0	0.1287	0.0322	0.3762
681.0	0.2065	0.0001	0.4022
682.0	0.201	0.0219	0.4003
683.0	0.1975	0.009	0.3992
684.0	0.287	-0.0	0.429
685.0	0.1128	0.0083	0.3709
686.0	0.1453	0.0047	0.3818
687.0	0.1588	0.0126	0.3863
688.0	0.1935	-0.0	0.3978
689.0	0.1867	0.0123	0.3956
690.0	0.2378	0.0034	0.4126
691.0	0.2362	0.0192	0.4121
692.0	0.1746	0.0483	0.3915
693.0	0.1621	0.0241	0.3874
694.0	0.1875	0.0	0.3958
695.0	0.1854	0.0425	0.3951
696.0	0.2312	0.0149	0.4104
697.0	0.1496	-0.0	0.3832
698.0	0.1349	0.0194	0.3783
699.0	0.1751	0.0299	0.3917
700.0	0.1559	0.0474	0.3853
701.0	0.1422	-0.0	0.3807
702.0	0.144	0.008	0.3813
703.0	0.1446	0.0743	0.3815
704.0	0.2207	0.01	0.4069
705.0	0.1795	0.0021	0.3932
706.0	0.1264	0.0749	0.3755
707.0	0.1829	0.0016	0.3943
708.0	0.1472	0.0103	0.3824
709.0	0.2534	0.0023	0.4178
710.0	0.2335	0.0105	0.4112
711.0	0.2916	-0.0	0.4305
712.0	0.2696	0.0161	0.4232
713.0	0.1672	0.0565	0.3891
714.0	0.1047	0.0324	0.3682
715.0	0.0996	0.0515	0.3665
716.0	0.13	0.033	0.3767
717.0	0.1289	0.0594	0.3763
718.0	0.1799	0.0073	0.3933
719.0	0.1406	0.0558	0.3802
720.0	0.2315	0.0423	0.4105
721.0	0.164	0.0172	0.388
722.0	0.1283	0.0265	0.3761
723.0	0.2486	0.0129	0.4162
724.0	0.1715	0.0492	0.3905
725.0	0.0751	0.1229	0.3584
726.0	0.2961	-0.0	0.432
727.0	0.0827	0.0348	0.3609
728.0	0.1044	0.0328	0.3681
729.0	0.2425	0.0017	0.4142
730.0	0.151	0.0425	0.3837
731.0	0.1128	0.0764	0.3709
732.0	0.2142	0.0	0.4047
733.0	0.1962	0.0451	0.3987
734.0	0.1524	0.0214	0.3841
735.0	0.2565	0.0	0.4188
736.0	0.2962	-0.0	0.4321
737.0	0.2967	-0.0	0.4322
738.0	0.3177	-0.0	0.4392
739.0	0.1332	0.0335	0.3777
740.0	0.1605	0.0434	0.3868
741.0	0.1902	0.0006	0.3967
742.0	0.203	-0.0	0.401
743.0	0.2025	0.01	0.4008
744.0	0.1757	0.0004	0.3919
745.0	0.0383	0.1626	0.3461
746.0	0.1412	-0.0	0.3804
747.0	0.2599	0.0068	0.42
748.0	0.1425	0.0565	0.3808
749.0	0.2443	0.0027	0.4148
750.0	0.1528	0.0274	0.3843
751.0	0.2167	0.0001	0.4056
752.0	0.1483	0.0466	0.3828
753.0	0.1411	0.0346	0.3804
754.0	0.1739	0.0273	0.3913
755.0	0.2196	0.0102	0.4065
756.0	0.3061	-0.0	0.4354
757.0	0.2164	0.0146	0.4055
758.0	0.1812	0.0227	0.3937
759.0	0.172	0.0161	0.3907
760.0	0.1617	0.0347	0.3872
761.0	0.2226	0.002	0.4075
762.0	0.1195	0.0349	0.3732
763.0	0.2494	0.0004	0.4165
764.0	0.2021	0.0168	0.4007
765.0	0.2071	0.0363	0.4024
766.0	0.1744	0.0039	0.3915
767.0	0.2028	0.0247	0.4009
768.0	0.15	0.0033	0.3833
769.0	0.124	0.0784	0.3747
770.0	0.084	0.0941	0.3613
771.0	0.1268	0.059	0.3756
772.0	0.1266	0.0506	0.3755
773.0	0.144	0.0265	0.3813
774.0	0.2401	0.0096	0.4134
775.0	0.1501	0.0464	0.3834
776.0	0.0814	0.0533	0.3605
777.0	0.0997	0.0413	0.3666
778.0	0.2075	0.0245	0.4025
779.0	0.2117	0.0009	0.4039
780.0	0.2466	0.0	0.4155
781.0	0.147	0.0637	0.3823
782.0	0.1816	0.0268	0.3939
783.0	0.3105	-0.0	0.4368
784.0	0.2586	-0.0	0.4195
785.0	0.1599	0.0222	0.3866
786.0	0.2618	-0.0	0.4206
787.0	0.2052	-0.0	0.4017
788.0	0.1907	0.0046	0.3969
789.0	0.1646	0.0468	0.3882
790.0	0.2602	0.0034	0.4201
791.0	0.2173	0.0004	0.4058
792.0	0.147	0.0584	0.3823
793.0	0.0989	0.0697	0.3663
794.0	0.3534	-0.0	0.4511
795.0	0.1738	0.0413	0.3913
796.0	0.2798	-0.0	0.4266
797.0	0.1066	0.1019	0.3689
798.0	0.1261	0.0705	0.3754
799.0	0.1727	0.0092	0.3909
800.0	0.1581	0.0179	0.386
801.0	0.115	0.0623	0.3717
802.0	0.1819	0.0311	0.394
803.0	0.175	0.0085	0.3917
804.0	0.1485	0.0636	0.3828
805.0	0.1823	0.0131	0.3941
806.0	0.0706	0.1209	0.3569
807.0	0.177	0.0234	0.3923
808.0	0.3282	-0.0	0.4427
809.0	0.3243	0.0	0.4414
810.0	0.2248	0.0225	0.4083
811.0	0.2442	0.0007	0.4147
812.0	0.2078	0.0414	0.4026
813.0	0.2074	0.022	0.4025
814.0	0.1737	0.0349	0.3912
815.0	0.1962	0.0099	0.3987
816.0	0.1921	0.0061	0.3974
817.0	0.2796	-0.0	0.4265
818.0	0.2316	0.0358	0.4105
819.0	0.2097	0.0477	0.4032
820.0	0.1573	0.0014	0.3858
821.0	0.1937	0.0022	0.3979
822.0	0.2748	0.0007	0.4249
823.0	0.1545	0.0581	0.3848
824.0	0.2349	0.0007	0.4116
825.0	0.2726	0.0259	0.4242
826.0	0.1273	0.057	0.3758
827.0	0.1019	0.0535	0.3673
828.0	0.2798	0.0046	0.4266
829.0	0.1945	0.0269	0.3982
830.0	0.2271	0.0177	0.409
831.0	0.17	0.0144	0.39
832.0	0.3084	-0.0	0.4361
833.0	0.293	-0.0	0.431
834.0	0.2394	0.0028	0.4131
835.0	0.1716	0.016	0.3905
836.0	0.1735	0.044	0.3912
837.0	0.1716	0.0013	0.3905
838.0	0.2272	0.0	0.4091
839.0	0.1388	0.0502	0.3796
840.0	0.1401	0.0327	0.38
841.0	0.1746	0.0671	0.3915
842.0	0.1993	0.0186	0.3998
843.0	0.1837	0.0042	0.3946
844.0	0.1884	-0.0	0.3961
845.0	0.2571	0.0197	0.419
846.0	0.2664	0.0102	0.4221
847.0	0.1446	0.0471	0.3815
848.0	0.1357	0.0145	0.3786
849.0	0.2653	0.0004	0.4218
850.0	0.1929	-0.0	0.3976
851.0	0.1721	0.0129	0.3907
852.0	0.0774	0.0516	0.3591
853.0	0.1779	0.0445	0.3926
854.0	0.1444	0.0069	0.3815
855.0	0.2098	0.009	0.4033
856.0	0.3507	-0.0	0.4502
857.0	0.1405	0.0318	0.3802
858.0	0.1183	0.0151	0.3728
859.0	0.2446	-0.0	0.4149
860.0	0.1484	-0.0	0.3828
861.0	0.2309	0.0001	0.4103
862.0	0.1215	0.0612	0.3738
863.0	0.2389	-0.0	0.413
864.0	0.1014	0.054	0.3671
865.0	0.1651	0.03	0.3884
866.0	0.1572	0.0325	0.3857
867.0	0.0681	0.1123	0.356
868.0	0.1318	0.0685	0.3773
869.0	0.271	-0.0	0.4237
870.0	0.2043	0.0002	0.4014
871.0	0.163	0.0109	0.3877
872.0	0.1673	0.0288	0.3891
873.0	0.259	0.0033	0.4197
874.0	0.125	0.0521	0.375
875.0	0.2496	-0.0	0.4165
876.0	0.17	0.006	0.39
877.0	0.2074	0.0188	0.4025
878.0	0.2368	-0.0	0.4123
879.0	0.1274	0.0496	0.3758
880.0	0.1553	0.0262	0.3851
881.0	0.1429	0.0225	0.381
882.0	0.2179	0.0686	0.406
883.0	0.2705	-0.0	0.4235
884.0	0.1471	0.0488	0.3824
885.0	0.1832	0.0239	0.3944
886.0	0.1866	0.0022	0.3955
887.0	0.1717	0.0246	0.3906
888.0	0.2026	0.0169	0.4009
889.0	0.2759	0.0128	0.4253
890.0	0.1404	0.0293	0.3801
891.0	0.181	0.0173	0.3937
892.0	0.2723	-0.0	0.4241
893.0	0.2112	0.0396	0.4037
894.0	0.1407	0.0465	0.3802
895.0	0.1752	0.0133	0.3917
896.0	0.1272	0.027	0.3757
897.0	0.2336	0.0001	0.4112
898.0	0.104	0.1179	0.368
899.0	0.11	0.0438	0.37
900.0	0.1935	0.0207	0.3978
901.0	0.2133	-0.0	0.4044
902.0	0.2761	-0.0	0.4254
903.0	0.2086	-0.0	0.4029
904.0	0.1971	-0.0	0.399
905.0	0.1759	0.0255	0.392
906.0	0.2176	-0.0	0.4059
907.0	0.197	0.0075	0.399
908.0	0.222	0.0138	0.4073
909.0	0.1448	0.0027	0.3816
910.0	0.1827	0.0268	0.3942
911.0	0.1658	0.0349	0.3886
912.0	0.0996	0.0675	0.3665
913.0	0.1854	-0.0	0.3951
914.0	0.1116	0.0776	0.3705
915.0	0.3001	0.0003	0.4334
916.0	0.2756	0.0163	0.4252
917.0	0.0973	0.033	0.3658
918.0	0.2457	-0.0	0.4152
919.0	0.2497	0.0057	0.4166
920.0	0.0743	0.1146	0.3581
921.0	0.1923	0.0496	0.3974
922.0	0.2745	-0.0	0.4248
923.0	0.196	0.0111	0.3987
924.0	0.1466	0.0163	0.3822
925.0	0.3104	0.0044	0.4368
926.0	0.1925	0.0118	0.3975
927.0	0.1524	0.0347	0.3841
928.0	0.265	-0.0	0.4217
929.0	0.1192	0.0533	0.3731
930.0	0.1594	0.0334	0.3865
931.0	0.2406	0.0285	0.4135
932.0	0.2745	-0.0	0.4248
933.0	0.1978	0.0207	0.3993
934.0	0.2037	0.0104	0.4012
935.0	0.1388	0.0467	0.3796
936.0	0.1563	0.0312	0.3854
937.0	0.1969	0.0171	0.399
938.0	0.1591	0.0326	0.3864
939.0	0.171	-0.0	0.3903
940.0	0.1487	0.0377	0.3829
941.0	0.1645	0.0319	0.3882
942.0	0.1956	0.0104	0.3985
943.0	0.1693	0.0342	0.3898
944.0	0.1696	0.0345	0.3899
945.0	0.2219	0.0116	0.4073
946.0	0.1903	0.0215	0.3968
947.0	0.2807	0.0049	0.4269
948.0	0.1138	0.0416	0.3713
949.0	0.1572	0.0189	0.3857
950.0	0.2173	0.0021	0.4058
951.0	0.1744	0.0217	0.3915
952.0	0.1499	0.0474	0.3833
953.0	0.1843	0.0274	0.3948
954.0	0.1655	0.0111	0.3885
955.0	0.1202	0.0076	0.3734
956.0	0.2422	0.0043	0.4141
957.0	0.2932	-0.0	0.4311
958.0	0.1977	0.0441	0.3992
959.0	0.2194	-0.0	0.4065
960.0	0.2079	0.006	0.4026
961.0	0.23	0.0191	0.41
962.0	0.2355	0.0107	0.4118
963.0	0.1778	-0.0	0.3926
964.0	0.2125	-0.0	0.4042
965.0	0.1759	0.0074	0.392
966.0	0.1585	0.0381	0.3862
967.0	0.2413	0.0053	0.4138
968.0	0.2705	0.0033	0.4235
969.0	0.3185	-0.0	0.4395
970.0	0.2405	0.0051	0.4135
971.0	0.0977	0.1	0.3659
972.0	0.1951	0.0053	0.3984
973.0	0.1732	0.0119	0.3911
974.0	0.2391	-0.0	0.413
975.0	0.1585	0.023	0.3862
976.0	0.1777	0.0294	0.3926
977.0	0.1303	0.0084	0.3768
978.0	0.1949	0.0451	0.3983
979.0	0.2814	0.0	0.4271
980.0	0.1914	0.0271	0.3971
981.0	0.2987	0.0055	0.4329
982.0	0.2777	-0.0	0.4259
983.0	0.2619	0.0011	0.4206
984.0	0.2519	-0.0	0.4173
985.0	0.251	0.0204	0.417
986.0	0.2459	0.0	0.4153
987.0	0.3106	0.0173	0.4369
988.0	0.1556	0.0007	0.3852
989.0	0.1156	0.0206	0.3719
990.0	0.1895	-0.0	0.3965
991.0	0.1693	-0.0	0.3898
992.0	0.1248	0.0722	0.3749
993.0	0.2735	-0.0	0.4245
994.0	0.2333	0.0203	0.4111
995.0	0.0795	0.0656	0.3598
996.0	0.1551	0.0476	0.385
997.0	0.2305	-0.0	0.4102
998.0	0.3403	-0.0	0.4468
999.0	0.1246	0.0358	0.3749
1000.0	0.1851	0.005	0.395
