1.0	0.8075	0.0	0.6025
2.0	0.5791	0.0	0.5264
3.0	0.4466	0.0007	0.4822
4.0	0.2306	0.0545	0.4102
5.0	0.4089	-0.0	0.4696
6.0	0.4853	-0.0	0.4951
7.0	0.4394	0.0195	0.4742
8.0	0.4281	0.0057	0.476
9.0	0.4496	0.0	0.4832
10.0	0.413	0.0	0.471
11.0	0.2296	0.0042	0.4027
12.0	0.2758	0.0866	0.4237
13.0	0.2723	0.0157	0.4241
14.0	0.3652	-0.0	0.4551
15.0	0.4877	0.0	0.4959
16.0	0.5385	0.0	0.5128
17.0	0.515	0.0159	0.505
18.0	0.4394	0.0004	0.4798
19.0	0.4338	-0.0	0.4779
20.0	0.3727	0.0004	0.4576
21.0	0.2421	0.0095	0.414
22.0	0.3993	0.0111	0.4664
23.0	0.6259	-0.0	0.542
24.0	0.2828	0.0546	0.4276
25.0	0.3972	0.0082	0.4657
26.0	0.2654	0.0379	0.4218
27.0	0.4779	0.0	0.4926
28.0	0.3872	0.0027	0.4624
29.0	0.3557	0.0225	0.4519
30.0	0.4899	-0.0	0.4966
31.0	0.2141	0.0697	0.3989
32.0	0.4986	-0.0	0.4995
33.0	0.3984	0.0411	0.4661
34.0	0.5496	0.0	0.5165
35.0	0.3743	0.0008	0.4581
36.0	0.291	0.0531	0.4303
37.0	0.372	0.0	0.4573
38.0	0.2326	0.0016	0.4109
39.0	0.1722	0.1667	0.3766
40.0	0.4786	0.0018	0.4929
41.0	0.2009	0.1222	0.3976
42.0	0.2612	0.0441	0.4134
43.0	0.2933	0.0367	0.4311
44.0	0.5451	0.0	0.515
45.0	0.3587	0.0127	0.4529
46.0	0.3571	0.0	0.4524
47.0	0.6575	-0.0	0.5525
48.0	0.526	-0.0	0.5087
49.0	0.7213	-0.0	0.5738
50.0	0.5354	0.0215	0.5118
51.0	0.4539	0.0006	0.4846
52.0	0.7454	0.0	0.5818
53.0	0.2372	0.0384	0.4124
54.0	0.3736	0.0483	0.4578
55.0	0.5278	0.0	0.5093
56.0	0.4041	-0.0	0.468
57.0	0.6389	0.0002	0.5463
58.0	0.4565	-0.0	0.4855
59.0	0.4668	0.0	0.4889
60.0	0.4969	0.0073	0.4947
61.0	0.3916	0.0235	0.4639
62.0	0.5337	0.0	0.5112
63.0	0.5667	0.0	0.5222
64.0	0.3949	0.0013	0.465
65.0	0.3176	-0.0	0.4392
66.0	0.4894	-0.0	0.4965
67.0	0.2082	0.0687	0.3996
68.0	0.3873	0.0292	0.4373
69.0	0.2518	0.0104	0.4173
70.0	0.4169	0.0151	0.4723
71.0	0.3832	-0.0	0.4611
72.0	0.4078	0.0043	0.4693
73.0	0.4475	0.0104	0.4799
74.0	0.3812	0.0315	0.4553
75.0	0.4929	0.0	0.4976
76.0	0.4226	-0.0	0.4742
77.0	0.2865	0.0385	0.4288
78.0	0.6979	0.0	0.566
79.0	0.3415	0.0244	0.4472
80.0	0.7144	0.0	0.5715
81.0	0.3086	0.018	0.4362
82.0	0.3911	0.0	0.4637
83.0	0.5789	-0.0	0.5263
84.0	0.4361	-0.0	0.4787
85.0	0.4208	0.0013	0.4736
86.0	0.3536	0.0205	0.4512
87.0	0.3886	0.0081	0.4629
88.0	0.3666	-0.0	0.4555
89.0	0.516	-0.0	0.5053
90.0	0.7489	0.0	0.583
91.0	0.3458	0.0094	0.4486
92.0	0.4675	0.0	0.4892
93.0	0.6794	-0.0	0.5598
94.0	0.3047	-0.0	0.4349
95.0	0.6435	0.0	0.5478
96.0	0.3874	0.0118	0.4625
97.0	0.5129	-0.0	0.5043
98.0	0.2926	0.0671	0.4309
99.0	0.2212	0.0262	0.4071
100.0	0.56	-0.0	0.52
101.0	0.6191	-0.0	0.5397
102.0	0.288	0.0069	0.4293
103.0	0.44	0.0	0.48
104.0	0.3714	0.0275	0.4552
105.0	0.4935	0.0082	0.4978
106.0	0.2901	0.0403	0.4287
107.0	0.4271	0.0065	0.4757
108.0	0.407	0.0104	0.469
109.0	0.5775	0.0005	0.5258
110.0	0.4571	0.0097	0.4857
111.0	0.2267	-0.0	0.4089
112.0	0.3941	0.0032	0.4647
113.0	0.4679	0.0187	0.4852
114.0	0.421	0.0068	0.4737
115.0	0.3643	-0.0	0.4548
116.0	0.5667	0.0	0.5222
117.0	0.6344	0.0017	0.5448
118.0	0.5883	-0.0	0.5294
119.0	0.5434	0.0039	0.5145
120.0	0.6618	0.0	0.5539
121.0	0.3648	0.0321	0.4549
122.0	0.513	0.0	0.5043
123.0	0.4422	0.0397	0.4796
124.0	0.5547	-0.0	0.5182
125.0	0.4392	0.0	0.4797
126.0	0.6235	0.0	0.5412
127.0	0.3056	0.0387	0.4352
128.0	0.5202	0.0	0.5067
129.0	0.4434	0.011	0.4804
130.0	0.383	0.0	0.461
131.0	0.3771	-0.0	0.459
132.0	0.4557	-0.0	0.4852
133.0	0.384	-0.0	0.4613
134.0	0.6238	0.0	0.5413
135.0	0.31	0.0117	0.4367
136.0	0.6491	0.0	0.5497
137.0	0.5679	0.0	0.5226
138.0	0.4869	0.0189	0.4956
139.0	0.3911	0.0144	0.4637
140.0	0.6107	0.0	0.5346
141.0	0.4603	-0.0	0.4868
142.0	0.4844	-0.0	0.4948
143.0	0.4645	0.0	0.4882
144.0	0.3833	0.0069	0.4611
145.0	0.5749	0.0	0.525
146.0	0.4058	-0.0	0.4686
147.0	0.4657	0.0	0.4886
148.0	0.3843	0.0162	0.4614
149.0	0.3423	0.0041	0.4474
150.0	0.4986	-0.0	0.4995
151.0	0.3503	0.0	0.4501
152.0	0.2594	0.0674	0.4188
153.0	0.5361	-0.0	0.512
154.0	0.3397	0.0153	0.4466
155.0	0.5431	0.0	0.5144
156.0	0.5956	-0.0	0.5319
157.0	0.4855	-0.0	0.4952
158.0	0.3833	-0.0	0.4611
159.0	0.4107	-0.0	0.4702
160.0	0.6947	-0.0	0.5649
161.0	0.5383	-0.0	0.5128
162.0	0.5236	0.0	0.5079
163.0	0.3921	0.0137	0.464
164.0	0.4306	0.0009	0.4769
165.0	0.4236	-0.0	0.4745
166.0	0.3604	0.0001	0.4535
167.0	0.2629	0.0907	0.4177
168.0	0.5131	0.0	0.5044
169.0	0.4798	-0.0	0.4933
170.0	0.8718	0.0	0.6239
171.0	0.426	0.0	0.4753
172.0	0.5499	-0.0	0.5166
173.0	0.3609	-0.0	0.4536
174.0	0.7567	0.0	0.5856
175.0	0.2177	0.0729	0.4026
176.0	0.4778	0.0014	0.4926
177.0	0.6228	-0.0	0.5409
178.0	0.3439	0.0088	0.448
179.0	0.4868	0.0005	0.4956
180.0	0.6259	-0.0	0.542
181.0	0.5332	0.005	0.5111
182.0	0.3212	0.0002	0.4398
183.0	0.4546	0.0002	0.4849
184.0	0.1582	0.0255	0.3861
185.0	0.5138	-0.0	0.5046
186.0	0.5314	0.0	0.5105
187.0	0.4485	0.0001	0.4828
188.0	0.3013	-0.0	0.4338
189.0	0.6794	0.0	0.5598
190.0	0.433	0.0223	0.4777
191.0	0.585	0.0	0.5283
192.0	0.5888	0.0	0.5296
193.0	0.4971	0.0	0.499
194.0	0.563	-0.0	0.521
195.0	0.4167	0.0157	0.4722
196.0	0.5636	0.011	0.5212
197.0	0.4543	0.0059	0.4848
198.0	0.5193	0.0012	0.5064
199.0	0.5859	-0.0	0.5286
200.0	0.4781	-0.0	0.4927
201.0	0.3735	0.0015	0.4578
202.0	0.3879	0.0011	0.4625
203.0	0.5835	-0.0	0.5278
204.0	0.544	0.0	0.5147
205.0	0.3261	0.0185	0.442
206.0	0.4901	-0.0	0.4967
207.0	0.4668	0.0031	0.4889
208.0	0.5626	0.0	0.5209
209.0	0.254	0.09	0.4087
210.0	0.6934	0.0	0.5645
211.0	0.294	0.0	0.4313
212.0	0.5065	-0.0	0.5022
213.0	0.6366	-0.0	0.5455
214.0	0.1989	0.0782	0.3988
215.0	0.4174	-0.0	0.4725
216.0	0.4958	0.0	0.4986
217.0	0.5541	0.0	0.518
218.0	0.5856	0.0	0.5285
219.0	0.2441	0.0676	0.4117
220.0	0.4179	0.0	0.4726
221.0	0.5923	0.0	0.5308
222.0	0.4106	-0.0	0.4702
223.0	0.5025	0.0	0.5008
224.0	0.2535	0.0306	0.4178
225.0	0.3937	-0.0	0.4646
226.0	0.2468	0.0355	0.4156
227.0	0.5635	0.0	0.5212
228.0	0.3265	-0.0	0.4422
229.0	0.5787	0.0	0.5262
230.0	0.6132	0.0	0.5377
231.0	0.3482	0.006	0.4494
232.0	0.317	0.0818	0.4325
233.0	0.65	-0.0	0.55
234.0	0.3844	0.0117	0.4615
235.0	0.5133	-0.0	0.5044
236.0	0.4146	0.0099	0.4715
237.0	0.171	0.0364	0.3903
238.0	0.6098	0.0	0.5366
239.0	0.4762	0.0043	0.4921
240.0	0.3996	0.0208	0.4665
241.0	0.5957	0.0	0.5319
242.0	0.3226	0.0253	0.4409
243.0	0.3893	0.0	0.4631
244.0	0.4637	0.0003	0.4879
245.0	0.4268	0.0011	0.4756
246.0	0.3465	0.0269	0.4488
247.0	0.2595	0.0682	0.4072
248.0	0.573	0.0	0.5243
249.0	0.614	-0.0	0.538
250.0	0.3163	0.0023	0.4388
251.0	0.7337	0.0	0.5779
252.0	0.625	0.0	0.5417
253.0	0.2658	-0.0	0.4219
254.0	0.5868	-0.0	0.5289
255.0	0.5682	-0.0	0.5227
256.0	0.3074	0.0512	0.4358
257.0	0.352	-0.0	0.4507
258.0	0.3542	0.0398	0.4514
259.0	0.4736	0.0377	0.4912
260.0	0.5054	0.0	0.5018
261.0	0.532	-0.0	0.5107
262.0	0.5777	0.0002	0.5259
263.0	0.4136	-0.0	0.4712
264.0	0.4238	0.0087	0.4746
265.0	0.3187	-0.0	0.4396
266.0	0.4797	0.003	0.4932
267.0	0.8555	0.0	0.6185
268.0	0.3734	0.0585	0.4415
269.0	0.3246	0.048	0.4404
270.0	0.3228	-0.0	0.4409
271.0	0.2906	0.0042	0.4213
272.0	0.7932	0.0	0.5977
273.0	0.5324	0.0	0.5108
274.0	0.4025	0.0332	0.4675
275.0	0.5026	-0.0	0.5009
276.0	0.6266	0.0	0.5422
277.0	0.2259	0.0361	0.4086
278.0	0.3489	0.0244	0.4496
279.0	0.4787	0.0	0.4929
280.0	0.2803	0.0167	0.4268
281.0	0.6955	0.0	0.5652
282.0	0.4397	0.0016	0.4799
283.0	0.6759	0.0	0.5586
284.0	0.649	0.0	0.5497
285.0	0.5169	0.0002	0.5056
286.0	0.4765	-0.0	0.4922
287.0	0.397	-0.0	0.4657
288.0	0.5035	0.0004	0.5012
289.0	0.6665	0.0	0.5555
290.0	0.4073	-0.0	0.4691
291.0	0.527	0.0	0.509
292.0	0.5863	-0.0	0.5288
293.0	0.3173	0.0557	0.4308
294.0	0.5633	-0.0	0.5211
295.0	0.7499	0.0	0.5833
296.0	0.3661	0.0256	0.4554
297.0	0.4609	0.0041	0.487
298.0	0.5221	0.0	0.5074
299.0	0.4786	0.0	0.4929
300.0	0.3649	-0.0	0.455
301.0	0.5629	0.0049	0.521
302.0	0.5683	0.0	0.5228
303.0	0.5606	-0.0	0.5202
304.0	0.2444	0.0022	0.4148
305.0	0.3726	0.0026	0.4575
306.0	0.392	0.0	0.464
307.0	0.3872	0.0	0.4624
308.0	0.5453	-0.0	0.5151
309.0	0.4564	-0.0	0.4855
310.0	0.6384	0.0	0.5461
311.0	0.5357	-0.0	0.5119
312.0	0.3964	0.0125	0.4626
313.0	0.4256	-0.0	0.4752
314.0	0.2566	0.0521	0.4189
315.0	0.3176	0.027	0.4392
316.0	0.3184	0.0318	0.4376
317.0	0.5098	0.0	0.5033
318.0	0.3695	0.005	0.4565
319.0	0.267	0.0005	0.4223
320.0	0.713	0.0	0.571
321.0	0.7341	0.0	0.578
322.0	0.3525	-0.0	0.4508
323.0	0.3443	0.0238	0.4481
324.0	0.6082	0.0	0.5361
325.0	0.3611	0.0537	0.4537
326.0	0.3156	0.043	0.4373
327.0	0.6953	0.0	0.5651
328.0	0.7108	-0.0	0.5703
329.0	0.4569	-0.0	0.4856
330.0	0.6858	0.0	0.5619
331.0	0.3723	-0.0	0.4574
332.0	0.4457	-0.0	0.4819
333.0	0.5396	0.0	0.5132
334.0	0.4532	0.0003	0.4844
335.0	0.3389	0.0	0.4463
336.0	0.3742	-0.0	0.4581
337.0	0.534	-0.0	0.5113
338.0	0.2121	0.0781	0.404
339.0	0.6272	0.0	0.5424
340.0	0.364	0.0497	0.4547
341.0	0.4371	0.008	0.479
342.0	0.5745	-0.0	0.5248
343.0	0.3128	0.0363	0.4376
344.0	0.4551	-0.0	0.485
345.0	0.6272	0.0	0.5424
346.0	0.4067	-0.0	0.4689
347.0	0.742	-0.0	0.5807
348.0	0.2872	0.0651	0.4291
349.0	0.3628	0.005	0.4543
350.0	0.7709	0.0	0.5903
351.0	0.6211	0.0	0.5404
352.0	0.3542	0.0753	0.4457
353.0	0.3401	0.0136	0.4467
354.0	0.372	0.0054	0.4573
355.0	0.3863	0.0043	0.4621
356.0	0.5671	0.0	0.5224
357.0	0.3497	-0.0	0.4499
358.0	0.356	0.021	0.452
359.0	0.3203	0.0195	0.4378
360.0	0.4232	0.0023	0.4744
361.0	0.674	-0.0	0.558
362.0	0.3547	0.0689	0.4504
363.0	0.7305	0.0	0.5768
364.0	0.4101	0.0107	0.47
365.0	0.6392	0.0	0.5464
366.0	0.7929	0.0	0.5976
367.0	0.2845	0.0095	0.4282
368.0	0.4008	0.0042	0.4668
369.0	0.4682	-0.0	0.4894
370.0	0.3763	-0.0	0.4588
371.0	0.4631	0.0	0.4877
372.0	0.5706	0.0	0.5235
373.0	0.1871	0.1086	0.3954
374.0	0.6774	-0.0	0.5591
375.0	0.4073	-0.0	0.4691
376.0	0.2811	0.0337	0.427
377.0	0.5398	0.0	0.5133
378.0	0.7432	0.0	0.5811
379.0	0.2493	0.002	0.4164
380.0	0.6469	0.0	0.549
381.0	0.5684	0.0	0.5228
382.0	0.414	0.0096	0.4713
383.0	0.2981	0.0	0.4327
384.0	0.5043	0.0	0.5014
385.0	0.622	-0.0	0.5407
386.0	0.4994	-0.0	0.4998
387.0	0.5278	0.0005	0.5093
388.0	0.5583	0.0	0.5194
389.0	0.5219	0.0	0.5073
390.0	0.2226	0.0293	0.4075
391.0	0.5529	-0.0	0.5176
392.0	0.5084	0.0175	0.5028
393.0	0.5203	0.0001	0.5068
394.0	0.449	-0.0	0.483
395.0	0.4573	0.0	0.4858
396.0	0.4424	-0.0	0.4808
397.0	0.3158	0.001	0.4386
398.0	0.7115	0.0001	0.5705
399.0	0.485	0.0043	0.4863
400.0	0.3167	0.0	0.4389
401.0	0.4249	0.0404	0.475
402.0	0.3134	0.0197	0.4378
403.0	0.4563	0.0	0.4854
404.0	0.4406	-0.0	0.4802
405.0	0.3631	0.0198	0.4544
406.0	0.4111	0.0207	0.4704
407.0	0.283	0.0169	0.4277
408.0	0.5495	0.0	0.5165
409.0	0.4187	0.0	0.4729
410.0	0.5096	0.0001	0.5032
411.0	0.4761	0.0315	0.492
412.0	0.408	0.0098	0.4693
413.0	0.5802	0.0	0.5267
414.0	0.505	-0.0	0.5017
415.0	0.4187	0.0002	0.4729
416.0	0.4087	0.0	0.4696
417.0	0.5163	0.0049	0.5041
418.0	0.3727	-0.0	0.4576
419.0	0.697	-0.0	0.5657
420.0	0.2117	0.0556	0.4039
421.0	0.3698	-0.0	0.4566
422.0	0.4023	0.0151	0.4674
423.0	0.3316	0.0374	0.4439
424.0	0.4862	-0.0	0.4954
425.0	0.2743	0.0	0.4248
426.0	0.6459	-0.0	0.5486
427.0	0.2891	0.0235	0.414
428.0	0.3631	0.0017	0.4544
429.0	0.5434	0.0	0.5145
430.0	0.4379	0.0173	0.4793
431.0	0.4587	0.0042	0.4862
432.0	0.4139	-0.0	0.4713
433.0	0.2258	0.0619	0.4086
434.0	0.7186	0.0	0.5729
435.0	0.3305	-0.0	0.4435
436.0	0.5107	0.0062	0.5036
437.0	0.5535	0.0014	0.5178
438.0	0.306	0.019	0.4353
439.0	0.2544	0.0101	0.4181
440.0	0.4135	-0.0	0.4712
441.0	0.4587	0.0	0.4862
442.0	0.6638	-0.0	0.5546
443.0	0.3996	0.0225	0.4659
444.0	0.4296	0.0	0.4765
445.0	0.5114	0.0	0.5038
446.0	0.4193	0.0001	0.4731
447.0	0.7019	-0.0	0.5673
448.0	0.424	-0.0	0.4747
449.0	0.5366	0.0	0.5122
450.0	0.1914	0.0948	0.3971
451.0	0.2372	0.0371	0.4124
452.0	0.4325	0.0068	0.4775
453.0	0.4137	0.0225	0.4712
454.0	0.2929	0.0284	0.431
455.0	0.3781	0.035	0.4594
456.0	0.5335	-0.0	0.5112
457.0	0.4964	-0.0	0.4988
458.0	0.7512	-0.0	0.5837
459.0	0.6236	-0.0	0.5412
460.0	0.2002	0.0815	0.4
461.0	0.4562	0.0015	0.4854
462.0	0.448	0.0004	0.4827
463.0	0.4691	0.0065	0.4897
464.0	0.5383	-0.0	0.5128
465.0	0.5203	0.0	0.5068
466.0	0.5792	0.0164	0.5264
467.0	0.3987	0.001	0.4662
468.0	0.4958	-0.0	0.4986
469.0	0.3994	-0.0	0.4665
470.0	0.4435	-0.0	0.4812
471.0	0.2109	0.0708	0.4036
472.0	0.5445	0.0	0.5148
473.0	0.3249	-0.0	0.4416
474.0	0.3616	0.0128	0.4406
475.0	0.3615	0.0101	0.4538
476.0	0.2232	0.1016	0.4077
477.0	0.3466	0.0507	0.4489
478.0	0.4336	-0.0	0.4779
479.0	0.5154	-0.0	0.5051
480.0	0.4465	0.0169	0.4815
481.0	0.5398	0.0	0.5133
482.0	0.5064	0.0001	0.5021
483.0	0.7763	0.0	0.5921
484.0	0.4112	0.0016	0.4704
485.0	0.2752	0.0255	0.4251
486.0	0.5122	0.0	0.5041
487.0	0.3828	0.0	0.4609
488.0	0.3081	-0.0	0.436
489.0	0.4725	-0.0	0.4908
490.0	0.2556	0.0605	0.4185
491.0	0.587	0.0	0.529
492.0	0.5333	0.0013	0.4896
493.0	0.291	0.0231	0.4303
494.0	0.6293	-0.0	0.5431
495.0	0.3077	0.0605	0.427
496.0	0.2096	0.0383	0.4032
497.0	0.593	0.0	0.531
498.0	0.519	0.0	0.5063
499.0	0.3701	0.012	0.4567
500.0	0.2468	0.0681	0.4156
501.0	0.5017	-0.0	0.5006
502.0	0.4096	0.0375	0.4697
503.0	0.5926	-0.0	0.5309
504.0	0.3622	-0.0	0.4541
505.0	0.303	-0.0	0.4343
506.0	0.5378	0.0	0.5126
507.0	0.5279	0.0	0.5093
508.0	0.4194	0.0159	0.4731
509.0	0.6562	0.0	0.5521
510.0	0.6041	-0.0	0.5347
511.0	0.546	0.0034	0.5153
512.0	0.4111	0.0011	0.4704
513.0	0.291	0.0168	0.4303
514.0	0.417	0.0	0.4723
515.0	0.2983	0.0046	0.4328
516.0	0.331	0.0003	0.4437
517.0	0.4489	0.0001	0.483
518.0	0.3633	0.0051	0.4544
519.0	0.3823	0.0091	0.4608
520.0	0.9207	0.0	0.6402
521.0	0.345	-0.0	0.4483
522.0	0.427	-0.0	0.4757
523.0	0.5132	0.0	0.5044
524.0	0.3442	0.0231	0.4481
525.0	0.3751	0.0027	0.4584
526.0	0.7208	0.0	0.5736
527.0	0.4399	0.015	0.48
528.0	0.3419	0.0461	0.4473
529.0	0.4568	-0.0	0.4856
530.0	0.3379	0.0451	0.446
531.0	0.3563	0.0404	0.452
532.0	0.4851	0.0072	0.495
533.0	0.4216	0.0144	0.4737
534.0	0.3357	0.0143	0.445
535.0	0.7154	0.0	0.5718
536.0	0.3691	0.0249	0.4564
537.0	0.4582	0.0241	0.4861
538.0	0.5603	-0.0	0.5201
539.0	0.6934	0.0	0.5645
540.0	0.2297	0.0804	0.4099
541.0	0.6483	0.0	0.5494
542.0	0.3718	-0.0	0.4573
543.0	0.7926	-0.0	0.5975
544.0	0.5559	0.0	0.5186
545.0	0.5134	-0.0	0.5045
546.0	0.4751	0.0172	0.4917
547.0	0.4319	0.0	0.4773
548.0	0.3557	-0.0	0.4519
549.0	0.5956	0.0	0.5319
550.0	0.5988	0.0	0.5329
551.0	0.4776	0.0	0.4925
552.0	0.6749	-0.0	0.5583
553.0	0.5673	-0.0	0.5224
554.0	0.5409	0.0	0.5136
555.0	0.5529	-0.0	0.5176
556.0	0.203	0.1084	0.401
557.0	0.5552	0.0	0.5184
558.0	0.3665	0.0144	0.455
559.0	0.6484	0.0	0.5495
560.0	0.3734	0.0007	0.4578
561.0	0.4179	0.0232	0.4726
562.0	0.1888	0.041	0.3848
563.0	0.4207	0.0393	0.4685
564.0	0.2111	0.0742	0.4037
565.0	0.3051	0.0372	0.4325
566.0	0.4484	-0.0	0.4828
567.0	0.3684	-0.0	0.4561
568.0	0.4174	0.0086	0.4725
569.0	0.5595	0.0001	0.5198
570.0	0.2543	0.0541	0.4181
571.0	0.3616	0.0212	0.4494
572.0	0.4021	0.0225	0.4669
573.0	0.4704	0.0235	0.4901
574.0	0.3644	-0.0	0.4548
575.0	0.4633	0.0169	0.4878
576.0	0.2755	0.0269	0.4195
577.0	0.3955	0.0124	0.4649
578.0	0.3844	0.0206	0.4615
579.0	0.3795	0.076	0.4579
580.0	0.5869	-0.0	0.529
581.0	0.4224	0.0	0.4741
582.0	0.4281	0.0	0.476
583.0	0.8044	-0.0	0.6015
584.0	0.4903	0.0024	0.4968
585.0	0.5714	0.0	0.5238
586.0	0.4524	0.0	0.4841
587.0	0.3712	-0.0	0.4571
588.0	0.5106	-0.0	0.5035
589.0	0.476	0.0125	0.492
590.0	0.4746	0.0109	0.4915
591.0	0.3439	0.0686	0.4451
592.0	0.3843	0.0478	0.4614
593.0	0.3255	-0.0	0.4418
594.0	0.5663	0.0	0.5221
595.0	0.3493	0.005	0.4498
596.0	0.3512	-0.0	0.4504
597.0	0.3793	-0.0	0.4598
598.0	0.3723	0.0	0.4574
599.0	0.1502	0.1425	0.3736
600.0	0.3715	0.0179	0.4572
601.0	0.9022	0.0	0.6341
602.0	0.28	-0.0	0.4267
603.0	0.5391	-0.0	0.513
604.0	0.4699	0.0022	0.49
605.0	0.4141	-0.0	0.4714
606.0	0.709	0.0	0.5697
607.0	0.3334	-0.0	0.4445
608.0	0.2357	0.1108	0.4054
609.0	0.4456	0.0016	0.4819
610.0	0.5755	-0.0	0.5252
611.0	0.326	0.0753	0.442
612.0	0.5417	0.0	0.5139
613.0	0.732	0.0	0.5773
614.0	0.3502	-0.0	0.4501
615.0	0.2251	0.0237	0.4084
616.0	0.4473	0.0005	0.4824
617.0	0.4765	-0.0	0.4922
618.0	0.3207	0.0311	0.4314
619.0	0.4379	-0.0	0.4793
620.0	0.292	0.0181	0.4307
621.0	0.3372	0.0257	0.4457
622.0	0.7126	0.0	0.5709
623.0	0.4216	0.0253	0.4686
624.0	0.2076	0.0676	0.401
625.0	0.248	-0.0	0.416
626.0	0.3331	0.0007	0.4444
627.0	0.3988	0.0019	0.4663
628.0	0.486	0.0114	0.4953
629.0	0.3699	0.0	0.4566
630.0	0.3926	-0.0	0.4642
631.0	0.3572	0.052	0.4519
632.0	0.4635	-0.0	0.4878
633.0	0.5015	0.0004	0.5005
634.0	0.4874	0.0307	0.4958
635.0	0.3608	0.0008	0.4536
636.0	0.6658	0.0051	0.5553
637.0	0.6695	-0.0	0.5565
638.0	0.5305	0.0	0.5102
639.0	0.315	0.0096	0.4383
640.0	0.3395	0.0135	0.444
641.0	0.4974	0.0129	0.4991
642.0	0.3517	0.0444	0.4469
643.0	0.3866	0.0028	0.4622
644.0	0.5578	0.0	0.5193
645.0	0.3811	-0.0	0.4604
646.0	0.7427	0.0	0.5809
647.0	0.2728	0.0959	0.4232
648.0	0.5345	0.0001	0.5115
649.0	0.5019	0.0	0.5006
650.0	0.5597	0.0	0.5199
651.0	0.6587	-0.0	0.5529
652.0	0.286	0.0245	0.4225
653.0	0.2976	0.0439	0.4268
654.0	0.3963	0.0287	0.4654
655.0	0.4202	-0.0	0.4734
656.0	0.3059	0.0262	0.4348
657.0	0.3981	-0.0	0.466
658.0	0.3251	0.0333	0.4417
659.0	0.6294	0.0	0.5431
660.0	0.4883	0.0002	0.4961
661.0	0.5248	0.0	0.5083
662.0	0.6937	-0.0	0.5646
663.0	0.3738	0.0212	0.4579
664.0	0.4803	0.0064	0.4934
665.0	0.3501	0.0058	0.45
666.0	0.3678	-0.0	0.4559
667.0	0.3819	0.0041	0.4582
668.0	0.529	-0.0	0.5097
669.0	0.3984	0.0001	0.4661
670.0	0.4191	-0.0	0.473
671.0	0.3893	0.0021	0.4631
672.0	0.2524	0.1364	0.4172
673.0	0.3382	0.0278	0.4461
674.0	0.3314	0.0493	0.4432
675.0	0.3149	0.0259	0.4383
676.0	0.4922	0.0	0.4974
677.0	0.4082	0.0023	0.4694
678.0	0.4074	-0.0	0.4691
679.0	0.3321	0.0132	0.444
680.0	0.2034	0.0496	0.401
681.0	0.5647	-0.0	0.5216
682.0	0.363	0.0021	0.4543
683.0	0.3945	0.0218	0.4648
684.0	0.4855	0.0	0.4952
685.0	0.2758	0.0608	0.4173
686.0	0.5976	0.0	0.5325
687.0	0.304	0.043	0.4347
688.0	0.4576	0.0196	0.4855
689.0	0.3573	0.0006	0.4524
690.0	0.5559	0.0	0.5186
691.0	0.3448	-0.0	0.4483
692.0	0.4171	-0.0	0.4724
693.0	0.3061	0.0069	0.4353
694.0	0.4045	0.0186	0.4682
695.0	0.4197	-0.0	0.4732
696.0	0.3281	0.0303	0.4427
697.0	0.4641	-0.0	0.488
698.0	0.283	0.0627	0.4215
699.0	0.3181	0.0371	0.4394
700.0	0.4223	0.013	0.4741
701.0	0.4977	0.0	0.4992
702.0	0.5029	-0.0	0.501
703.0	0.3825	0.0	0.4608
704.0	0.5199	0.0013	0.5066
705.0	0.1562	0.0505	0.3854
706.0	0.483	-0.0	0.4943
707.0	0.2601	0.0028	0.42
708.0	0.5393	0.0026	0.5131
709.0	0.2961	-0.0	0.432
710.0	0.4379	0.0031	0.4793
711.0	0.6414	0.0003	0.5471
712.0	0.3287	-0.0	0.4429
713.0	0.4874	-0.0	0.4958
714.0	0.4053	0.041	0.4684
715.0	0.4194	0.0	0.4731
716.0	0.4911	-0.0	0.497
717.0	0.481	0.0011	0.4937
718.0	0.4082	0.0038	0.4694
719.0	0.5098	-0.0	0.5033
720.0	0.2713	0.0462	0.4238
721.0	0.2116	0.0662	0.4039
722.0	0.3631	0.0	0.4544
723.0	0.7908	-0.0	0.5969
724.0	0.4676	-0.0	0.4892
725.0	0.432	-0.0	0.4773
726.0	0.6328	0.0012	0.5443
727.0	0.3716	0.008	0.4572
728.0	0.4705	-0.0	0.4902
729.0	0.3874	-0.0	0.4625
730.0	0.5505	0.0006	0.5168
731.0	0.4157	0.0104	0.4719
732.0	0.2444	0.0226	0.4148
733.0	0.2301	0.0598	0.41
734.0	0.3801	0.0071	0.46
735.0	0.3738	0.0136	0.4579
736.0	0.4785	0.0	0.4928
737.0	0.2915	0.0673	0.4305
738.0	0.4432	-0.0	0.4811
739.0	0.5677	-0.0	0.5226
740.0	0.3958	0.0318	0.4653
741.0	0.4102	-0.0	0.4701
742.0	0.5243	0.0146	0.5081
743.0	0.6002	-0.0	0.5334
744.0	0.559	-0.0	0.5197
745.0	0.43	0.0017	0.4767
746.0	0.5009	-0.0	0.5003
747.0	0.3604	-0.0	0.4535
748.0	0.7132	-0.0	0.5711
749.0	0.4501	0.0016	0.4834
750.0	0.4842	-0.0	0.4947
751.0	0.5661	0.0	0.522
752.0	0.7304	0.0	0.5768
753.0	0.5006	-0.0	0.5002
754.0	0.3067	0.0579	0.4307
755.0	0.3792	0.0	0.4597
756.0	0.3422	0.0181	0.4332
757.0	0.4313	-0.0	0.4771
758.0	0.2194	0.0005	0.4065
759.0	0.4379	0.0098	0.4793
760.0	0.2913	0.0145	0.4304
761.0	0.5311	0.0067	0.5104
762.0	0.3139	0.0083	0.4332
763.0	0.5833	0.0	0.5278
764.0	0.3933	-0.0	0.4644
765.0	0.5759	0.0	0.5253
766.0	0.5964	0.0	0.5321
767.0	0.4241	0.0	0.4747
768.0	0.2401	0.0495	0.4133
769.0	0.6268	-0.0	0.5423
770.0	0.5446	-0.0	0.5149
771.0	0.5008	-0.0	0.5003
772.0	0.5179	-0.0	0.506
773.0	0.3712	0.0064	0.4571
774.0	0.3296	0.0607	0.4424
775.0	0.351	0.0066	0.4503
776.0	0.4782	0.0	0.4927
777.0	0.6447	-0.0	0.5482
778.0	0.4387	-0.0	0.4796
779.0	0.5284	0.0112	0.5095
780.0	0.5715	0.0	0.5238
781.0	0.2038	0.0373	0.4013
782.0	0.7381	0.0	0.5794
783.0	0.5412	-0.0	0.5137
784.0	0.3305	0.0532	0.4435
785.0	0.5067	0.0004	0.5022
786.0	0.4574	0.0018	0.4858
787.0	0.3593	0.0246	0.4531
788.0	0.1536	0.0715	0.3812
789.0	0.3968	0.0222	0.4656
790.0	0.3788	0.0267	0.4562
791.0	0.638	-0.0	0.546
792.0	0.6096	0.0	0.5365
793.0	0.4612	-0.0	0.4871
794.0	0.3303	0.0216	0.4434
795.0	0.4627	-0.0	0.4876
796.0	0.3875	0.0014	0.4625
797.0	0.5499	0.0	0.5166
798.0	0.4717	0.0	0.4906
799.0	0.561	0.0105	0.5164
800.0	0.3058	0.06	0.4353
801.0	0.2951	0.0025	0.4317
802.0	0.3252	0.0496	0.4391
803.0	0.6956	0.0	0.5652
804.0	0.5987	-0.0	0.5329
805.0	0.4341	-0.0	0.478
806.0	0.3992	-0.0	0.4664
807.0	0.5697	-0.0	0.5232
808.0	0.4165	-0.0	0.4722
809.0	0.5854	-0.0	0.5285
810.0	0.6578	0.0	0.5526
811.0	0.472	-0.0	0.4907
812.0	0.5701	0.0	0.5234
813.0	0.3285	0.0014	0.4428
814.0	0.3214	0.0253	0.4405
815.0	0.8815	-0.0	0.6272
816.0	0.5438	0.0	0.5146
817.0	0.3995	0.0	0.4665
818.0	0.387	0.0194	0.4623
819.0	0.3849	-0.0	0.4616
820.0	0.5216	-0.0	0.5072
821.0	0.3064	0.0088	0.4355
822.0	0.3717	0.0254	0.4572
823.0	0.6258	0.0018	0.5419
824.0	0.314	0.0064	0.4375
825.0	0.4021	0.0193	0.4606
826.0	0.5421	0.0147	0.514
827.0	0.5008	0.0	0.5003
828.0	0.3678	-0.0	0.4559
829.0	0.3365	0.0022	0.4455
830.0	0.3653	0.0103	0.4551
831.0	0.3532	0.0274	0.4511
832.0	0.2911	0.036	0.4304
833.0	0.5151	0.0	0.505
834.0	0.5272	0.0135	0.4933
835.0	0.346	-0.0	0.4487
836.0	0.2858	0.0518	0.4274
837.0	0.7592	0.0	0.5864
838.0	0.5769	0.0	0.5256
839.0	0.235	0.0454	0.4117
840.0	0.4567	0.0069	0.4856
841.0	0.3852	0.015	0.4617
842.0	0.6631	0.0	0.5544
843.0	0.347	0.0331	0.4485
844.0	0.5144	0.0	0.5048
845.0	0.4592	0.0027	0.4864
846.0	0.3871	0.0023	0.4624
847.0	0.5588	0.0	0.5196
848.0	0.1843	0.0823	0.3948
849.0	0.3334	0.0337	0.4445
850.0	0.6351	-0.0	0.545
851.0	0.5291	0.0	0.5097
852.0	0.3879	0.0313	0.4626
853.0	0.4308	-0.0	0.4769
854.0	0.3837	0.0297	0.4612
855.0	0.5871	0.0031	0.529
856.0	0.3607	0.0099	0.4536
857.0	0.2989	-0.0	0.433
858.0	0.8602	0.0	0.6201
859.0	0.4276	0.0057	0.4753
860.0	0.3128	0.0169	0.4376
861.0	0.367	-0.0	0.4557
862.0	0.444	0.0	0.4813
863.0	0.3523	0.0104	0.4508
864.0	0.9038	0.0	0.6346
865.0	0.3434	-0.0	0.4478
866.0	0.5576	0.0	0.5192
867.0	0.3531	0.0395	0.451
868.0	0.5553	-0.0	0.5184
869.0	0.5203	0.0	0.5068
870.0	0.5132	0.0	0.5044
871.0	0.4989	0.0	0.4996
872.0	0.3271	-0.0	0.4424
873.0	0.5996	-0.0	0.5332
874.0	0.2378	0.0136	0.41
875.0	0.5465	-0.0	0.5155
876.0	0.7728	0.0	0.5909
877.0	0.6605	-0.0	0.5535
878.0	0.4353	0.0212	0.4784
879.0	0.3259	0.0648	0.4413
880.0	0.3456	0.0199	0.4485
881.0	0.3906	0.0249	0.4635
882.0	0.3489	0.0302	0.4496
883.0	0.4165	0.0	0.4722
884.0	0.6465	-0.0	0.5488
885.0	0.2271	0.0109	0.409
886.0	0.5483	0.0	0.5161
887.0	0.5491	0.0008	0.5164
888.0	0.3834	-0.0	0.4611
889.0	0.3004	-0.0	0.4335
890.0	0.5594	-0.0	0.5198
891.0	0.4497	0.0	0.4832
892.0	0.3141	0.0386	0.438
893.0	0.4528	0.0158	0.4843
894.0	0.1637	0.069	0.3873
895.0	0.3678	0.0001	0.4559
896.0	0.3257	-0.0	0.4419
897.0	0.4166	0.0	0.4722
898.0	0.2435	0.0922	0.4133
899.0	0.5808	-0.0	0.5269
900.0	0.3449	0.0422	0.4483
901.0	0.298	0.0754	0.4296
902.0	0.2393	0.0376	0.4131
903.0	0.14	0.0677	0.38
904.0	0.4228	0.0002	0.4743
905.0	0.4373	0.0011	0.4791
906.0	0.2523	0.0247	0.4174
907.0	0.3693	-0.0	0.4564
908.0	0.344	0.0244	0.448
909.0	0.5066	-0.0	0.5022
910.0	0.3431	0.0282	0.4477
911.0	0.315	0.0498	0.4383
912.0	0.6004	0.0	0.5335
913.0	0.148	0.0705	0.3774
914.0	0.5633	-0.0	0.5211
915.0	0.3367	0.0393	0.4404
916.0	0.2706	0.0406	0.4235
917.0	0.238	0.0229	0.4127
918.0	0.3071	0.0236	0.4305
919.0	0.3244	0.0289	0.4412
920.0	0.3701	0.0002	0.4451
921.0	0.4838	-0.0	0.4946
922.0	0.2926	0.0206	0.4309
923.0	0.2757	0.0169	0.4252
924.0	0.4252	0.001	0.4751
925.0	0.3807	0.0311	0.4416
926.0	0.6347	-0.0	0.5449
927.0	0.4364	-0.0	0.4788
928.0	0.3581	0.0182	0.4527
929.0	0.6977	-0.0	0.5659
930.0	0.3905	-0.0	0.4563
931.0	0.4131	0.0133	0.471
932.0	0.5275	0.0026	0.5092
933.0	0.3874	0.004	0.4625
934.0	0.5341	0.0	0.5114
935.0	0.7464	0.0	0.5821
936.0	0.3845	0.0	0.4615
937.0	0.3229	0.0467	0.4409
938.0	0.1996	0.1137	0.3999
939.0	0.182	0.0626	0.394
940.0	0.5003	0.0022	0.5001
941.0	0.4477	0.0062	0.4826
942.0	0.4259	0.0005	0.4753
943.0	0.2608	0.0647	0.4125
944.0	0.3063	0.0697	0.4349
945.0	0.7588	-0.0	0.5863
946.0	0.48	0.0032	0.4933
947.0	0.3575	0.0047	0.4525
948.0	0.4377	0.0	0.4792
949.0	0.383	0.0044	0.461
950.0	0.4004	0.0	0.4668
951.0	0.2759	0.0299	0.4253
952.0	0.4579	0.0088	0.486
953.0	0.3779	0.0011	0.4593
954.0	0.3414	0.0046	0.4471
955.0	0.2224	0.0364	0.4075
956.0	0.5415	-0.0	0.5138
957.0	0.5635	0.0	0.5212
958.0	0.3662	0.0246	0.4554
959.0	0.7987	-0.0	0.5996
960.0	0.1034	0.0967	0.359
961.0	0.5124	0.0	0.5041
962.0	0.278	0.0508	0.426
963.0	0.4884	-0.0	0.4961
964.0	0.4315	-0.0	0.4772
965.0	0.2446	0.003	0.4149
966.0	0.6541	-0.0	0.5514
967.0	0.4973	0.0053	0.4991
968.0	0.5648	0.0027	0.5216
969.0	0.4343	0.0031	0.4781
970.0	0.3344	0.0437	0.4242
971.0	0.3862	0.0253	0.4621
972.0	0.1413	0.1528	0.3794
973.0	0.5912	-0.0	0.5304
974.0	0.4639	0.0	0.488
975.0	0.432	0.0025	0.4773
976.0	0.5775	0.0	0.5258
977.0	0.4748	-0.0	0.4916
978.0	0.3376	0.008	0.4458
979.0	0.2981	0.0416	0.43
980.0	0.3463	-0.0	0.4488
981.0	0.5497	0.0	0.5166
982.0	0.4894	-0.0	0.4965
983.0	0.4169	-0.0	0.4723
984.0	0.4932	0.0027	0.4977
985.0	0.3662	0.0365	0.4554
986.0	0.4253	0.0026	0.4751
987.0	0.3728	-0.0	0.4576
988.0	0.385	0.0	0.4617
989.0	0.4234	-0.0	0.4745
990.0	0.4577	-0.0	0.4859
991.0	0.4548	0.0074	0.4849
992.0	0.3666	-0.0	0.4555
993.0	0.4492	0.0391	0.4816
994.0	0.3084	0.0283	0.4361
995.0	0.451	-0.0	0.4837
996.0	0.3742	0.0111	0.4581
997.0	0.6367	0.0	0.5456
998.0	0.3974	0.0	0.4658
999.0	0.5152	-0.0	0.5051
1000.0	0.4909	0.0014	0.497
