1.0	0.0117	0.1264	0.3372
2.0	0.0208	0.1188	0.3403
3.0	0.0096	0.1284	0.3365
4.0	0.0119	0.1273	0.3373
5.0	0.0085	0.1298	0.3362
6.0	0.015	0.1264	0.3383
7.0	0.0179	0.1144	0.3393
8.0	0.0124	0.1257	0.3375
9.0	0.012	0.1276	0.3373
10.0	0.0118	0.1304	0.3373
11.0	0.0169	0.1227	0.339
12.0	0.0129	0.1281	0.3376
13.0	0.0148	0.1234	0.3383
14.0	0.0134	0.126	0.3378
15.0	0.0147	0.126	0.3382
16.0	0.0171	0.1256	0.339
17.0	0.008	0.1324	0.336
18.0	0.0163	0.1273	0.3388
19.0	0.0129	0.1315	0.3376
20.0	0.0194	0.118	0.3398
21.0	0.0181	0.1225	0.3394
22.0	0.0119	0.1303	0.3373
23.0	0.016	0.1221	0.3387
24.0	0.0174	0.127	0.3391
25.0	0.0194	0.122	0.3398
26.0	0.0129	0.1236	0.3376
27.0	0.0163	0.121	0.3388
28.0	0.0152	0.1239	0.3384
29.0	0.0135	0.1263	0.3378
30.0	0.0094	0.1322	0.3365
31.0	0.0302	0.1113	0.3434
32.0	0.0091	0.1336	0.3364
33.0	0.0114	0.1277	0.3371
34.0	0.0176	0.1167	0.3392
35.0	0.015	0.128	0.3383
36.0	0.017	0.1204	0.339
37.0	0.0159	0.1209	0.3386
38.0	0.0153	0.1262	0.3384
39.0	0.0144	0.1253	0.3381
40.0	0.0143	0.1251	0.3381
41.0	0.0216	0.119	0.3405
42.0	0.0107	0.1291	0.3369
43.0	0.0151	0.1246	0.3384
44.0	0.0134	0.1271	0.3378
45.0	0.0168	0.1238	0.3389
46.0	0.0188	0.1238	0.3396
47.0	0.0273	0.1127	0.3424
48.0	0.0198	0.1211	0.3399
49.0	0.0037	0.1324	0.3346
50.0	0.0138	0.1229	0.3379
51.0	0.0067	0.1349	0.3356
52.0	0.0149	0.1207	0.3383
53.0	0.011	0.1303	0.337
54.0	0.0204	0.1181	0.3401
55.0	0.0165	0.1207	0.3388
56.0	0.0067	0.1321	0.3356
57.0	0.0188	0.1188	0.3396
58.0	0.0119	0.1273	0.3373
59.0	0.0196	0.117	0.3399
60.0	0.0137	0.1308	0.3379
61.0	0.011	0.1269	0.337
62.0	0.0101	0.1304	0.3367
63.0	0.0098	0.1278	0.3366
64.0	0.0123	0.1305	0.3374
65.0	0.0163	0.1243	0.3388
66.0	0.0184	0.1244	0.3395
67.0	0.0167	0.1246	0.3389
68.0	0.0222	0.1165	0.3407
69.0	0.0175	0.121	0.3392
70.0	0.0152	0.1265	0.3384
71.0	0.0168	0.1246	0.3389
72.0	0.0194	0.1247	0.3398
73.0	0.0185	0.1232	0.3395
74.0	0.0176	0.1216	0.3392
75.0	0.0164	0.125	0.3388
76.0	0.0098	0.1304	0.3366
77.0	0.02	0.1216	0.34
78.0	0.0096	0.1373	0.3365
79.0	0.0077	0.1298	0.3359
80.0	0.0114	0.1268	0.3371
81.0	0.0221	0.119	0.3407
82.0	0.0199	0.1185	0.34
83.0	0.0105	0.1288	0.3368
84.0	0.0149	0.1275	0.3383
85.0	0.0172	0.1208	0.3391
86.0	0.0116	0.1293	0.3372
87.0	0.0161	0.1267	0.3387
88.0	0.0068	0.1307	0.3356
89.0	0.0105	0.1309	0.3368
90.0	0.0154	0.1282	0.3385
91.0	0.0136	0.1277	0.3379
92.0	0.011	0.1244	0.337
93.0	0.0186	0.1162	0.3395
94.0	0.0159	0.1309	0.3386
95.0	0.0175	0.1222	0.3392
96.0	0.0089	0.1353	0.3363
97.0	0.0121	0.1236	0.3374
98.0	0.0179	0.126	0.3393
99.0	0.012	0.1278	0.3373
100.0	0.0146	0.1218	0.3382
101.0	0.0131	0.1203	0.3377
102.0	0.0177	0.129	0.3392
103.0	0.0174	0.1243	0.3391
104.0	0.0123	0.1262	0.3374
105.0	0.019	0.122	0.3397
106.0	0.0213	0.1195	0.3404
107.0	0.0195	0.1177	0.3398
108.0	0.0112	0.1309	0.3371
109.0	0.014	0.1247	0.338
110.0	0.0168	0.1237	0.3389
111.0	0.0113	0.1256	0.3371
112.0	0.0083	0.1326	0.3361
113.0	0.0154	0.1258	0.3385
114.0	0.0123	0.1261	0.3374
115.0	0.021	0.1155	0.3403
116.0	0.0108	0.1303	0.3369
117.0	0.0171	0.1225	0.339
118.0	0.0074	0.1308	0.3358
119.0	0.015	0.1249	0.3383
120.0	0.0137	0.1256	0.3379
121.0	0.0105	0.1292	0.3368
122.0	0.0106	0.1297	0.3369
123.0	0.0196	0.1211	0.3399
124.0	0.0143	0.1247	0.3381
125.0	0.0202	0.1212	0.3401
126.0	0.0144	0.1251	0.3381
127.0	0.0162	0.1202	0.3387
128.0	0.014	0.1259	0.338
129.0	0.0223	0.1185	0.3408
130.0	0.0157	0.1259	0.3386
131.0	0.0237	0.1124	0.3412
132.0	0.0132	0.126	0.3377
133.0	0.0071	0.134	0.3357
134.0	0.0133	0.1278	0.3378
135.0	0.0162	0.1244	0.3387
136.0	0.012	0.1237	0.3373
137.0	0.0161	0.1213	0.3387
138.0	0.0107	0.1254	0.3369
139.0	0.0166	0.1222	0.3389
140.0	0.0147	0.1274	0.3382
141.0	0.0186	0.1234	0.3395
142.0	0.0196	0.121	0.3399
143.0	0.0144	0.1258	0.3381
144.0	0.0174	0.1215	0.3391
145.0	0.016	0.1246	0.3387
146.0	0.0116	0.1298	0.3372
147.0	0.0132	0.1284	0.3377
148.0	0.0114	0.1308	0.3371
149.0	0.0113	0.1235	0.3371
150.0	0.0133	0.1249	0.3378
151.0	0.0171	0.121	0.339
152.0	0.0085	0.1314	0.3362
153.0	0.0155	0.1242	0.3385
154.0	0.0117	0.1291	0.3372
155.0	0.0151	0.126	0.3384
156.0	0.0133	0.1336	0.3378
157.0	0.0143	0.129	0.3381
158.0	0.0173	0.126	0.3391
159.0	0.0249	0.1132	0.3416
160.0	0.0254	0.1176	0.3418
161.0	0.0108	0.1276	0.3369
162.0	0.0142	0.1274	0.3381
163.0	0.0183	0.1219	0.3394
164.0	0.0132	0.1216	0.3377
165.0	0.0115	0.1288	0.3372
166.0	0.0173	0.12	0.3391
167.0	0.0116	0.132	0.3372
168.0	0.0081	0.1327	0.336
169.0	0.0088	0.1324	0.3363
170.0	0.0188	0.1215	0.3396
171.0	0.0104	0.1316	0.3368
172.0	0.0106	0.1308	0.3369
173.0	0.018	0.1213	0.3393
174.0	0.0163	0.1249	0.3388
175.0	0.008	0.1352	0.336
176.0	0.0172	0.1188	0.3391
177.0	0.0105	0.133	0.3368
178.0	0.023	0.1156	0.341
179.0	0.015	0.1223	0.3383
180.0	0.0203	0.1145	0.3401
181.0	0.0126	0.1291	0.3375
182.0	0.0138	0.127	0.3379
183.0	0.0219	0.1144	0.3406
184.0	0.0182	0.1224	0.3394
185.0	0.0171	0.1208	0.339
186.0	0.0192	0.1206	0.3397
187.0	0.0201	0.1217	0.34
188.0	0.017	0.1263	0.339
189.0	0.0143	0.1287	0.3381
190.0	0.0146	0.1226	0.3382
191.0	0.0094	0.1313	0.3365
192.0	0.017	0.1208	0.339
193.0	0.0082	0.1365	0.3361
194.0	0.017	0.1185	0.339
195.0	0.0158	0.1245	0.3386
196.0	0.0132	0.1299	0.3377
197.0	0.0188	0.1233	0.3396
198.0	0.0113	0.1327	0.3371
199.0	0.013	0.129	0.3377
200.0	0.0146	0.1291	0.3382
201.0	0.0138	0.1205	0.3379
202.0	0.0176	0.1256	0.3392
203.0	0.017	0.1206	0.339
204.0	0.0179	0.1225	0.3393
205.0	0.0102	0.1311	0.3367
206.0	0.016	0.1187	0.3387
207.0	0.0191	0.1225	0.3397
208.0	0.0168	0.1259	0.3389
209.0	0.0139	0.1237	0.338
210.0	0.0142	0.1297	0.3381
211.0	0.023	0.1126	0.341
212.0	0.0247	0.1161	0.3416
213.0	0.0208	0.1194	0.3403
214.0	0.0185	0.1203	0.3395
215.0	0.0165	0.1236	0.3388
216.0	0.0159	0.1257	0.3386
217.0	0.015	0.1231	0.3383
218.0	0.0133	0.1284	0.3378
219.0	0.0205	0.1181	0.3402
220.0	0.0143	0.1261	0.3381
221.0	0.0163	0.1231	0.3388
222.0	0.0152	0.1217	0.3384
223.0	0.0101	0.128	0.3367
224.0	0.0139	0.1292	0.338
225.0	0.0088	0.13	0.3363
226.0	0.0113	0.1279	0.3371
227.0	0.0172	0.1241	0.3391
228.0	0.0135	0.1274	0.3378
229.0	0.0128	0.1254	0.3376
230.0	0.0206	0.1199	0.3402
231.0	0.011	0.1337	0.337
232.0	0.0089	0.1251	0.3363
233.0	0.0202	0.114	0.3401
234.0	0.0119	0.129	0.3373
235.0	0.0115	0.1301	0.3372
236.0	0.0188	0.1229	0.3396
237.0	0.0152	0.1295	0.3384
238.0	0.0131	0.1281	0.3377
239.0	0.0119	0.1252	0.3373
240.0	0.0166	0.1272	0.3389
241.0	0.0152	0.124	0.3384
242.0	0.0179	0.1204	0.3393
243.0	0.009	0.132	0.3363
244.0	0.0136	0.1255	0.3379
245.0	0.0153	0.1242	0.3384
246.0	0.0137	0.1281	0.3379
247.0	0.0173	0.122	0.3391
248.0	0.015	0.1249	0.3383
249.0	0.0135	0.1237	0.3378
250.0	0.0156	0.1217	0.3385
251.0	0.0131	0.1318	0.3377
252.0	0.0082	0.1345	0.3361
253.0	0.0166	0.1253	0.3389
254.0	0.0092	0.1286	0.3364
255.0	0.0192	0.12	0.3397
256.0	0.0128	0.13	0.3376
257.0	0.014	0.1238	0.338
258.0	0.014	0.1247	0.338
259.0	0.0173	0.1264	0.3391
260.0	0.0158	0.1256	0.3386
261.0	0.0166	0.1274	0.3389
262.0	0.0137	0.1265	0.3379
263.0	0.0296	0.1059	0.3432
264.0	0.0146	0.1257	0.3382
265.0	0.0166	0.1197	0.3389
266.0	0.0161	0.1178	0.3387
267.0	0.0086	0.1322	0.3362
268.0	0.0069	0.1349	0.3356
269.0	0.0087	0.1238	0.3362
270.0	0.017	0.124	0.339
271.0	0.0101	0.1297	0.3367
272.0	0.0212	0.1162	0.3404
273.0	0.0178	0.1209	0.3393
274.0	0.0077	0.1335	0.3359
275.0	0.0155	0.124	0.3385
276.0	0.0166	0.1225	0.3389
277.0	0.0194	0.1184	0.3398
278.0	0.0262	0.1136	0.3421
279.0	0.0089	0.1329	0.3363
280.0	0.0205	0.1218	0.3402
281.0	0.0201	0.1173	0.34
282.0	0.0081	0.1323	0.336
283.0	0.0197	0.1188	0.3399
284.0	0.0131	0.1306	0.3377
285.0	0.0211	0.1235	0.3404
286.0	0.0168	0.1252	0.3389
287.0	0.0176	0.1189	0.3392
288.0	0.0131	0.1235	0.3377
289.0	0.0127	0.1244	0.3376
290.0	0.0133	0.1262	0.3378
291.0	0.0129	0.1264	0.3376
292.0	0.0107	0.1312	0.3369
293.0	0.0221	0.1168	0.3407
294.0	0.0149	0.1219	0.3383
295.0	0.0188	0.119	0.3396
296.0	0.0119	0.1292	0.3373
297.0	0.0118	0.1295	0.3373
298.0	0.0184	0.1183	0.3395
299.0	0.0148	0.1242	0.3383
300.0	0.0143	0.1255	0.3381
301.0	0.0099	0.1314	0.3366
302.0	0.014	0.127	0.338
303.0	0.0149	0.1266	0.3383
304.0	0.0193	0.1153	0.3398
305.0	0.0176	0.1178	0.3392
306.0	0.0203	0.1244	0.3401
307.0	0.0176	0.1182	0.3392
308.0	0.0151	0.1249	0.3384
309.0	0.0171	0.12	0.339
310.0	0.0131	0.1266	0.3377
311.0	0.0171	0.127	0.339
312.0	0.0135	0.125	0.3378
313.0	0.0143	0.1285	0.3381
314.0	0.0074	0.1321	0.3358
315.0	0.0171	0.123	0.339
316.0	0.0162	0.1281	0.3387
317.0	0.0131	0.1253	0.3377
318.0	0.0132	0.1283	0.3377
319.0	0.0149	0.1199	0.3383
320.0	0.0165	0.1222	0.3388
321.0	0.014	0.1286	0.338
322.0	0.0114	0.1296	0.3371
323.0	0.017	0.124	0.339
324.0	0.0117	0.1325	0.3372
325.0	0.0079	0.1338	0.336
326.0	0.0141	0.1253	0.338
327.0	0.0235	0.1172	0.3412
328.0	0.0102	0.1322	0.3367
329.0	0.0131	0.1262	0.3377
330.0	0.0128	0.1283	0.3376
331.0	0.0157	0.1259	0.3386
332.0	0.0155	0.1254	0.3385
333.0	0.0114	0.1281	0.3371
334.0	0.0123	0.1247	0.3374
335.0	0.017	0.1232	0.339
336.0	0.0168	0.117	0.3389
337.0	0.015	0.1255	0.3383
338.0	0.0217	0.1142	0.3406
339.0	0.0124	0.1296	0.3375
340.0	0.0104	0.1326	0.3368
341.0	0.0119	0.1267	0.3373
342.0	0.0129	0.1284	0.3376
343.0	0.0142	0.1278	0.3381
344.0	0.0186	0.1219	0.3395
345.0	0.0202	0.1166	0.3401
346.0	0.0133	0.1313	0.3378
347.0	0.0146	0.1271	0.3382
348.0	0.0188	0.1185	0.3396
349.0	0.0193	0.1256	0.3398
350.0	0.0108	0.1248	0.3369
351.0	0.0126	0.1304	0.3375
352.0	0.0136	0.1294	0.3379
353.0	0.0123	0.1289	0.3374
354.0	0.0128	0.1294	0.3376
355.0	0.0119	0.1307	0.3373
356.0	0.0229	0.1131	0.341
357.0	0.0146	0.1252	0.3382
358.0	0.0123	0.1281	0.3374
359.0	0.0217	0.1185	0.3406
360.0	0.0096	0.1325	0.3365
361.0	0.0102	0.128	0.3367
362.0	0.0245	0.1176	0.3415
363.0	0.0173	0.1204	0.3391
364.0	0.0133	0.1278	0.3378
365.0	0.0206	0.1214	0.3402
366.0	0.008	0.1337	0.336
367.0	0.0161	0.1211	0.3387
368.0	0.0172	0.1254	0.3391
369.0	0.0136	0.1241	0.3379
370.0	0.0128	0.1266	0.3376
371.0	0.0101	0.1315	0.3367
372.0	0.0106	0.1302	0.3369
373.0	0.0095	0.1274	0.3365
374.0	0.0157	0.1199	0.3386
375.0	0.0085	0.132	0.3362
376.0	0.0201	0.1232	0.34
377.0	0.0116	0.1344	0.3372
378.0	0.0174	0.1205	0.3391
379.0	0.0191	0.1186	0.3397
380.0	0.0097	0.1291	0.3366
381.0	0.0185	0.1204	0.3395
382.0	0.0196	0.1206	0.3399
383.0	0.0118	0.1258	0.3373
384.0	0.014	0.126	0.338
385.0	0.0294	0.1084	0.3431
386.0	0.0165	0.1239	0.3388
387.0	0.0164	0.1231	0.3388
388.0	0.019	0.1217	0.3397
389.0	0.0051	0.1394	0.335
390.0	0.0219	0.1189	0.3406
391.0	0.0166	0.1219	0.3389
392.0	0.017	0.1258	0.339
393.0	0.0143	0.1266	0.3381
394.0	0.0136	0.1283	0.3379
395.0	0.0172	0.126	0.3391
396.0	0.0197	0.1215	0.3399
397.0	0.0169	0.122	0.339
398.0	0.0044	0.1336	0.3348
399.0	0.02	0.1208	0.34
400.0	0.014	0.1262	0.338
401.0	0.0096	0.134	0.3365
402.0	0.0145	0.1252	0.3382
403.0	0.0122	0.1309	0.3374
404.0	0.01	0.1322	0.3367
405.0	0.0101	0.1334	0.3367
406.0	0.0151	0.1216	0.3384
407.0	0.015	0.1197	0.3383
408.0	0.0147	0.1256	0.3382
409.0	0.0231	0.1141	0.341
410.0	0.0164	0.1247	0.3388
411.0	0.0162	0.1219	0.3387
412.0	0.0077	0.1342	0.3359
413.0	0.0076	0.1395	0.3359
414.0	0.0212	0.117	0.3404
415.0	0.0147	0.1275	0.3382
416.0	0.01	0.1344	0.3367
417.0	0.0202	0.1153	0.3401
418.0	0.0168	0.1242	0.3389
419.0	0.0071	0.1331	0.3357
420.0	0.0085	0.1314	0.3362
421.0	0.0184	0.1225	0.3395
422.0	0.0202	0.1184	0.3401
423.0	0.0162	0.1201	0.3387
424.0	0.0101	0.1305	0.3367
425.0	0.0139	0.1229	0.338
426.0	0.0188	0.1213	0.3396
427.0	0.0128	0.1273	0.3376
428.0	0.0142	0.1212	0.3381
429.0	0.0147	0.1277	0.3382
430.0	0.0171	0.1199	0.339
431.0	0.0238	0.1155	0.3413
432.0	0.0231	0.1158	0.341
433.0	0.0051	0.1376	0.335
434.0	0.0129	0.1307	0.3376
435.0	0.0098	0.131	0.3366
436.0	0.0094	0.1298	0.3365
437.0	0.0218	0.118	0.3406
438.0	0.0091	0.1235	0.3364
439.0	0.0097	0.1313	0.3366
440.0	0.0252	0.1151	0.3417
441.0	0.0178	0.1202	0.3393
442.0	0.012	0.1279	0.3373
443.0	0.0232	0.1189	0.3411
444.0	0.0235	0.1206	0.3412
445.0	0.0078	0.1317	0.3359
446.0	0.0231	0.1143	0.341
447.0	0.0269	0.1149	0.3423
448.0	0.0138	0.1236	0.3379
449.0	0.0213	0.1194	0.3404
450.0	0.0157	0.1208	0.3386
451.0	0.0146	0.1263	0.3382
452.0	0.0176	0.1189	0.3392
453.0	0.0132	0.1274	0.3377
454.0	0.0208	0.1212	0.3403
455.0	0.014	0.1214	0.338
456.0	0.0171	0.1249	0.339
457.0	0.0144	0.1267	0.3381
458.0	0.0076	0.133	0.3359
459.0	0.0156	0.1234	0.3385
460.0	0.0123	0.1244	0.3374
461.0	0.013	0.1296	0.3377
462.0	0.0176	0.1185	0.3392
463.0	0.0182	0.1217	0.3394
464.0	0.0156	0.1214	0.3385
465.0	0.0162	0.117	0.3387
466.0	0.0146	0.1248	0.3382
467.0	0.0114	0.1294	0.3371
468.0	0.0198	0.1211	0.3399
469.0	0.0172	0.1272	0.3391
470.0	0.0106	0.1289	0.3369
471.0	0.0152	0.1252	0.3384
472.0	0.0181	0.1185	0.3394
473.0	0.0118	0.126	0.3373
474.0	0.0136	0.1313	0.3379
475.0	0.0215	0.1162	0.3405
476.0	0.0189	0.1181	0.3396
477.0	0.0181	0.1194	0.3394
478.0	0.012	0.1266	0.3373
479.0	0.0088	0.1303	0.3363
480.0	0.0134	0.1233	0.3378
481.0	0.0134	0.1247	0.3378
482.0	0.0086	0.1289	0.3362
483.0	0.0238	0.1158	0.3413
484.0	0.0209	0.1207	0.3403
485.0	0.0192	0.1179	0.3397
486.0	0.0133	0.1267	0.3378
487.0	0.0178	0.1208	0.3393
488.0	0.0166	0.1187	0.3389
489.0	0.0111	0.131	0.337
490.0	0.0231	0.1192	0.341
491.0	0.0185	0.1235	0.3395
492.0	0.015	0.1215	0.3383
493.0	0.0166	0.1178	0.3389
494.0	0.0158	0.1203	0.3386
495.0	0.0198	0.1166	0.3399
496.0	0.0125	0.1285	0.3375
497.0	0.026	0.113	0.342
498.0	0.0114	0.1269	0.3371
499.0	0.0181	0.1216	0.3394
500.0	0.0135	0.1249	0.3378
501.0	0.0076	0.1365	0.3359
502.0	0.0225	0.117	0.3408
503.0	0.0175	0.1214	0.3392
504.0	0.0155	0.1254	0.3385
505.0	0.0238	0.1157	0.3413
506.0	0.0139	0.1266	0.338
507.0	0.0167	0.1199	0.3389
508.0	0.0184	0.1213	0.3395
509.0	0.0116	0.1314	0.3372
510.0	0.0134	0.1276	0.3378
511.0	0.0125	0.1325	0.3375
512.0	0.0275	0.1149	0.3425
513.0	0.0189	0.1164	0.3396
514.0	0.0155	0.128	0.3385
515.0	0.0157	0.1223	0.3386
516.0	0.0152	0.1239	0.3384
517.0	0.0112	0.1309	0.3371
518.0	0.0119	0.1334	0.3373
519.0	0.0242	0.1162	0.3414
520.0	0.0147	0.1242	0.3382
521.0	0.0242	0.119	0.3414
522.0	0.0206	0.1244	0.3402
523.0	0.0137	0.1238	0.3379
524.0	0.0116	0.1315	0.3372
525.0	0.0146	0.1278	0.3382
526.0	0.0084	0.1338	0.3361
527.0	0.0129	0.1293	0.3376
528.0	0.03	0.1114	0.3433
529.0	0.0105	0.13	0.3368
530.0	0.0094	0.1324	0.3365
531.0	0.0175	0.1237	0.3392
532.0	0.0146	0.1226	0.3382
533.0	0.0089	0.126	0.3363
534.0	0.0135	0.1231	0.3378
535.0	0.0131	0.1264	0.3377
536.0	0.0077	0.1302	0.3359
537.0	0.0156	0.1253	0.3385
538.0	0.0127	0.1285	0.3376
539.0	0.0193	0.1168	0.3398
540.0	0.017	0.118	0.339
541.0	0.0235	0.1138	0.3412
542.0	0.0063	0.136	0.3354
543.0	0.0124	0.1279	0.3375
544.0	0.0138	0.1296	0.3379
545.0	0.011	0.1304	0.337
546.0	0.0119	0.1261	0.3373
547.0	0.015	0.1219	0.3383
548.0	0.0172	0.1233	0.3391
549.0	0.0164	0.1204	0.3388
550.0	0.0114	0.1314	0.3371
551.0	0.0151	0.1259	0.3384
552.0	0.0098	0.1315	0.3366
553.0	0.0193	0.1158	0.3398
554.0	0.0275	0.1081	0.3425
555.0	0.0192	0.1196	0.3397
556.0	0.0145	0.1289	0.3382
557.0	0.0171	0.1204	0.339
558.0	0.0063	0.1349	0.3354
559.0	0.0132	0.1254	0.3377
560.0	0.0142	0.1228	0.3381
561.0	0.0194	0.1212	0.3398
562.0	0.022	0.1199	0.3407
563.0	0.0132	0.1226	0.3377
564.0	0.0184	0.1159	0.3395
565.0	0.0143	0.1238	0.3381
566.0	0.0161	0.1276	0.3387
567.0	0.0184	0.1211	0.3395
568.0	0.0179	0.1253	0.3393
569.0	0.0146	0.1211	0.3382
570.0	0.014	0.1255	0.338
571.0	0.0166	0.1242	0.3389
572.0	0.0172	0.1219	0.3391
573.0	0.0201	0.1176	0.34
574.0	0.0117	0.1297	0.3372
575.0	0.0212	0.1186	0.3404
576.0	0.0056	0.1333	0.3352
577.0	0.0136	0.1262	0.3379
578.0	0.0142	0.1236	0.3381
579.0	0.0165	0.128	0.3388
580.0	0.0154	0.1213	0.3385
581.0	0.0094	0.1301	0.3365
582.0	0.0168	0.1192	0.3389
583.0	0.0125	0.1308	0.3375
584.0	0.0085	0.1317	0.3362
585.0	0.0216	0.1206	0.3405
586.0	0.0243	0.1144	0.3414
587.0	0.0143	0.1229	0.3381
588.0	0.0101	0.1287	0.3367
589.0	0.0166	0.1199	0.3389
590.0	0.0168	0.1165	0.3389
591.0	0.0098	0.1282	0.3366
592.0	0.0287	0.1189	0.3429
593.0	0.015	0.1263	0.3383
594.0	0.0162	0.1254	0.3387
595.0	0.0097	0.1284	0.3366
596.0	0.0162	0.1217	0.3387
597.0	0.0208	0.1198	0.3403
598.0	0.0164	0.1235	0.3388
599.0	0.0087	0.1292	0.3362
600.0	0.0139	0.1256	0.338
601.0	0.0134	0.1237	0.3378
602.0	0.0131	0.127	0.3377
603.0	0.0219	0.1166	0.3406
604.0	0.0041	0.1367	0.3347
605.0	0.0183	0.1247	0.3394
606.0	0.0101	0.1288	0.3367
607.0	0.0141	0.1262	0.338
608.0	0.0251	0.1147	0.3417
609.0	0.0122	0.1276	0.3374
610.0	0.0106	0.1306	0.3369
611.0	0.0224	0.1186	0.3408
612.0	0.0177	0.1233	0.3392
613.0	0.0167	0.1224	0.3389
614.0	0.0069	0.1316	0.3356
615.0	0.0091	0.1305	0.3364
616.0	0.0131	0.123	0.3377
617.0	0.011	0.1252	0.337
618.0	0.0096	0.132	0.3365
619.0	0.0154	0.1252	0.3385
620.0	0.0199	0.1212	0.34
621.0	0.0235	0.1215	0.3412
622.0	0.0308	0.105	0.3436
623.0	0.0148	0.1276	0.3383
624.0	0.011	0.125	0.337
625.0	0.0195	0.1213	0.3398
626.0	0.028	0.1129	0.3427
627.0	0.0191	0.1174	0.3397
628.0	0.0121	0.1239	0.3374
629.0	0.0229	0.1164	0.341
630.0	0.0178	0.1239	0.3393
631.0	0.0139	0.1247	0.338
632.0	0.0162	0.1244	0.3387
633.0	0.0125	0.1248	0.3375
634.0	0.0178	0.1198	0.3393
635.0	0.0083	0.1301	0.3361
636.0	0.0076	0.1331	0.3359
637.0	0.0188	0.1208	0.3396
638.0	0.021	0.1203	0.3403
639.0	0.0125	0.1271	0.3375
640.0	0.0175	0.1226	0.3392
641.0	0.0242	0.1177	0.3414
642.0	0.0205	0.1196	0.3402
643.0	0.0101	0.1287	0.3367
644.0	0.0109	0.1312	0.337
645.0	0.0084	0.1303	0.3361
646.0	0.0097	0.1256	0.3366
647.0	0.017	0.1272	0.339
648.0	0.0146	0.1267	0.3382
649.0	0.0176	0.1239	0.3392
650.0	0.0173	0.125	0.3391
651.0	0.024	0.1196	0.3413
652.0	0.0147	0.1239	0.3382
653.0	0.0154	0.1275	0.3385
654.0	0.0099	0.1263	0.3366
655.0	0.0158	0.1248	0.3386
656.0	0.0153	0.1294	0.3384
657.0	0.0163	0.1233	0.3388
658.0	0.0093	0.1281	0.3364
659.0	0.0125	0.1284	0.3375
660.0	0.0071	0.1306	0.3357
661.0	0.0114	0.1318	0.3371
662.0	0.0234	0.1161	0.3411
663.0	0.0101	0.1281	0.3367
664.0	0.0148	0.1202	0.3383
665.0	0.016	0.1256	0.3387
666.0	0.0158	0.124	0.3386
667.0	0.0128	0.1289	0.3376
668.0	0.0165	0.123	0.3388
669.0	0.0149	0.1259	0.3383
670.0	0.0186	0.12	0.3395
671.0	0.0206	0.1147	0.3402
672.0	0.0229	0.1156	0.341
673.0	0.0141	0.1236	0.338
674.0	0.0164	0.1238	0.3388
675.0	0.0116	0.1295	0.3372
676.0	0.0198	0.1185	0.3399
677.0	0.0107	0.1303	0.3369
678.0	0.0077	0.1358	0.3359
679.0	0.0175	0.1237	0.3392
680.0	0.007	0.1395	0.3357
681.0	0.0149	0.1208	0.3383
682.0	0.007	0.1316	0.3357
683.0	0.0059	0.137	0.3353
684.0	0.0164	0.1284	0.3388
685.0	0.0193	0.1195	0.3398
686.0	0.0189	0.1175	0.3396
687.0	0.011	0.1316	0.337
688.0	0.0137	0.1238	0.3379
689.0	0.0165	0.1215	0.3388
690.0	0.0171	0.121	0.339
691.0	0.0147	0.1219	0.3382
692.0	0.0173	0.1284	0.3391
693.0	0.0206	0.1161	0.3402
694.0	0.0138	0.1302	0.3379
695.0	0.0168	0.1223	0.3389
696.0	0.0177	0.1217	0.3392
697.0	0.0064	0.1324	0.3355
698.0	0.014	0.1228	0.338
699.0	0.0118	0.1309	0.3373
700.0	0.0216	0.1197	0.3405
701.0	0.0198	0.1178	0.3399
702.0	0.0151	0.1264	0.3384
703.0	0.011	0.1278	0.337
704.0	0.0197	0.1161	0.3399
705.0	0.0119	0.1313	0.3373
706.0	0.0145	0.1276	0.3382
707.0	0.0154	0.1191	0.3385
708.0	0.0189	0.1272	0.3396
709.0	0.0148	0.1267	0.3383
710.0	0.0147	0.1278	0.3382
711.0	0.0062	0.1334	0.3354
712.0	0.0185	0.1196	0.3395
713.0	0.0126	0.1268	0.3375
714.0	0.0274	0.11	0.3425
715.0	0.0114	0.1309	0.3371
716.0	0.0151	0.1261	0.3384
717.0	0.0133	0.1232	0.3378
718.0	0.0175	0.1225	0.3392
719.0	0.0184	0.1178	0.3395
720.0	0.014	0.1266	0.338
721.0	0.0167	0.1216	0.3389
722.0	0.0153	0.1293	0.3384
723.0	0.0109	0.1266	0.337
724.0	0.0151	0.1273	0.3384
725.0	0.011	0.1224	0.337
726.0	0.0174	0.1245	0.3391
727.0	0.0156	0.1247	0.3385
728.0	0.0193	0.1246	0.3398
729.0	0.0182	0.1197	0.3394
730.0	0.0077	0.1343	0.3359
731.0	0.0198	0.12	0.3399
732.0	0.0131	0.1239	0.3377
733.0	0.0106	0.1276	0.3369
734.0	0.0096	0.1327	0.3365
735.0	0.0077	0.1318	0.3359
736.0	0.0144	0.127	0.3381
737.0	0.0165	0.1248	0.3388
738.0	0.01	0.1327	0.3367
739.0	0.0176	0.1224	0.3392
740.0	0.0176	0.1236	0.3392
741.0	0.0166	0.1246	0.3389
742.0	0.0124	0.1271	0.3375
743.0	0.0158	0.1284	0.3386
744.0	0.0205	0.1218	0.3402
745.0	0.0157	0.1231	0.3386
746.0	0.0115	0.1289	0.3372
747.0	0.0189	0.1165	0.3396
748.0	0.0189	0.1197	0.3396
749.0	0.0087	0.1269	0.3362
750.0	0.0191	0.1199	0.3397
751.0	0.0095	0.13	0.3365
752.0	0.0083	0.1302	0.3361
753.0	0.0149	0.1259	0.3383
754.0	0.0195	0.1225	0.3398
755.0	0.0142	0.1245	0.3381
756.0	0.0133	0.1311	0.3378
757.0	0.0182	0.1226	0.3394
758.0	0.0152	0.1273	0.3384
759.0	0.01	0.1273	0.3367
760.0	0.0211	0.1213	0.3404
761.0	0.0156	0.127	0.3385
762.0	0.0064	0.1354	0.3355
763.0	0.0149	0.125	0.3383
764.0	0.0162	0.1243	0.3387
765.0	0.0104	0.1295	0.3368
766.0	0.0067	0.132	0.3356
767.0	0.0129	0.1292	0.3376
768.0	0.0133	0.126	0.3378
769.0	0.0088	0.1329	0.3363
770.0	0.0134	0.1313	0.3378
771.0	0.0166	0.1261	0.3389
772.0	0.0183	0.1197	0.3394
773.0	0.017	0.1201	0.339
774.0	0.0092	0.1352	0.3364
775.0	0.02	0.1226	0.34
776.0	0.0145	0.1219	0.3382
777.0	0.0167	0.1222	0.3389
778.0	0.0132	0.1261	0.3377
779.0	0.0256	0.1145	0.3419
780.0	0.0043	0.1396	0.3348
781.0	0.0195	0.1164	0.3398
782.0	0.0124	0.1285	0.3375
783.0	0.0146	0.1259	0.3382
784.0	0.011	0.1288	0.337
785.0	0.0153	0.1204	0.3384
786.0	0.0152	0.1235	0.3384
787.0	0.0132	0.122	0.3377
788.0	0.0227	0.1166	0.3409
789.0	0.0262	0.1121	0.3421
790.0	0.0159	0.1247	0.3386
791.0	0.0129	0.1283	0.3376
792.0	0.0255	0.1096	0.3418
793.0	0.0127	0.1219	0.3376
794.0	0.0106	0.1281	0.3369
795.0	0.0172	0.1223	0.3391
796.0	0.012	0.1268	0.3373
797.0	0.0229	0.1181	0.341
798.0	0.0203	0.1143	0.3401
799.0	0.0171	0.1224	0.339
800.0	0.0148	0.1224	0.3383
801.0	0.0142	0.1271	0.3381
802.0	0.0226	0.1193	0.3409
803.0	0.0193	0.1201	0.3398
804.0	0.0182	0.1167	0.3394
805.0	0.0131	0.1303	0.3377
806.0	0.0175	0.1226	0.3392
807.0	0.0192	0.1145	0.3397
808.0	0.0157	0.1226	0.3386
809.0	0.0116	0.1225	0.3372
810.0	0.0168	0.1227	0.3389
811.0	0.0102	0.1287	0.3367
812.0	0.0095	0.1333	0.3365
813.0	0.0146	0.1286	0.3382
814.0	0.0159	0.1292	0.3386
815.0	0.0132	0.1271	0.3377
816.0	0.0216	0.1218	0.3405
817.0	0.0139	0.1286	0.338
818.0	0.0139	0.1285	0.338
819.0	0.0108	0.1269	0.3369
820.0	0.0188	0.1219	0.3396
821.0	0.0138	0.1301	0.3379
822.0	0.0123	0.1279	0.3374
823.0	0.0164	0.1231	0.3388
824.0	0.0143	0.1284	0.3381
825.0	0.0185	0.1221	0.3395
826.0	0.0164	0.1227	0.3388
827.0	0.0137	0.1291	0.3379
828.0	0.0167	0.1247	0.3389
829.0	0.0192	0.1236	0.3397
830.0	0.0308	0.1069	0.3436
831.0	0.0139	0.1305	0.338
832.0	0.0159	0.1216	0.3386
833.0	0.0204	0.1194	0.3401
834.0	0.0196	0.1182	0.3399
835.0	0.0178	0.1224	0.3393
836.0	0.0159	0.1251	0.3386
837.0	0.0138	0.1253	0.3379
838.0	0.0112	0.1213	0.3371
839.0	0.0111	0.1342	0.337
840.0	0.0205	0.1207	0.3402
841.0	0.015	0.1249	0.3383
842.0	0.0133	0.1221	0.3378
843.0	0.0142	0.1259	0.3381
844.0	0.01	0.1304	0.3367
845.0	0.0163	0.1253	0.3388
846.0	0.0144	0.1239	0.3381
847.0	0.0172	0.1208	0.3391
848.0	0.0081	0.1311	0.336
849.0	0.0094	0.1314	0.3365
850.0	0.0199	0.1185	0.34
851.0	0.0106	0.1329	0.3369
852.0	0.0213	0.1134	0.3404
853.0	0.0114	0.1266	0.3371
854.0	0.0126	0.1258	0.3375
855.0	0.0209	0.116	0.3403
856.0	0.0161	0.123	0.3387
857.0	0.0119	0.1316	0.3373
858.0	0.0139	0.1235	0.338
859.0	0.0151	0.1284	0.3384
860.0	0.0168	0.1184	0.3389
861.0	0.0162	0.1258	0.3387
862.0	0.0144	0.1257	0.3381
863.0	0.0227	0.1191	0.3409
864.0	0.0109	0.1314	0.337
865.0	0.0097	0.1289	0.3366
866.0	0.0187	0.1169	0.3396
867.0	0.0202	0.1213	0.3401
868.0	0.0083	0.1309	0.3361
869.0	0.0112	0.1254	0.3371
870.0	0.017	0.1246	0.339
871.0	0.0121	0.1278	0.3374
872.0	0.0123	0.1281	0.3374
873.0	0.0115	0.1282	0.3372
874.0	0.0213	0.1144	0.3404
875.0	0.0128	0.1293	0.3376
876.0	0.0161	0.1293	0.3387
877.0	0.0146	0.1251	0.3382
878.0	0.0113	0.1317	0.3371
879.0	0.0116	0.1269	0.3372
880.0	0.0124	0.1279	0.3375
881.0	0.016	0.1228	0.3387
882.0	0.015	0.1281	0.3383
883.0	0.0099	0.1332	0.3366
884.0	0.0257	0.1113	0.3419
885.0	0.0195	0.119	0.3398
886.0	0.0099	0.1284	0.3366
887.0	0.0179	0.1224	0.3393
888.0	0.0157	0.1267	0.3386
889.0	0.0097	0.1336	0.3366
890.0	0.0118	0.1273	0.3373
891.0	0.006	0.1369	0.3353
892.0	0.0175	0.1185	0.3392
893.0	0.0157	0.1273	0.3386
894.0	0.0092	0.1324	0.3364
895.0	0.0147	0.1248	0.3382
896.0	0.0174	0.1241	0.3391
897.0	0.0172	0.1214	0.3391
898.0	0.0159	0.1245	0.3386
899.0	0.0169	0.1179	0.339
900.0	0.0199	0.1225	0.34
901.0	0.0104	0.1271	0.3368
902.0	0.0257	0.1106	0.3419
903.0	0.0179	0.1203	0.3393
904.0	0.0146	0.1274	0.3382
905.0	0.0191	0.1165	0.3397
906.0	0.0309	0.1079	0.3436
907.0	0.0167	0.121	0.3389
908.0	0.014	0.1293	0.338
909.0	0.0161	0.1247	0.3387
910.0	0.0189	0.1151	0.3396
911.0	0.018	0.1198	0.3393
912.0	0.0089	0.1293	0.3363
913.0	0.0145	0.1269	0.3382
914.0	0.0215	0.1199	0.3405
915.0	0.0151	0.1296	0.3384
916.0	0.0196	0.1141	0.3399
917.0	0.0169	0.123	0.339
918.0	0.0074	0.1359	0.3358
919.0	0.0205	0.1176	0.3402
920.0	0.0174	0.12	0.3391
921.0	0.0199	0.1166	0.34
922.0	0.0202	0.121	0.3401
923.0	0.0124	0.1299	0.3375
924.0	0.0093	0.1291	0.3364
925.0	0.0098	0.1325	0.3366
926.0	0.0107	0.1273	0.3369
927.0	0.0125	0.1301	0.3375
928.0	0.0161	0.1234	0.3387
929.0	0.0138	0.1257	0.3379
930.0	0.0131	0.1276	0.3377
931.0	0.0149	0.1238	0.3383
932.0	0.0124	0.1235	0.3375
933.0	0.0137	0.1249	0.3379
934.0	0.0187	0.1235	0.3396
935.0	0.0134	0.1261	0.3378
936.0	0.0088	0.1335	0.3363
937.0	0.0221	0.1202	0.3407
938.0	0.0225	0.1167	0.3408
939.0	0.0194	0.1201	0.3398
940.0	0.0162	0.1166	0.3387
941.0	0.0131	0.1248	0.3377
942.0	0.0223	0.1144	0.3408
943.0	0.0106	0.1282	0.3369
944.0	0.0156	0.1204	0.3385
945.0	0.0148	0.1262	0.3383
946.0	0.0186	0.1183	0.3395
947.0	0.0112	0.1302	0.3371
948.0	0.0133	0.1251	0.3378
949.0	0.018	0.1201	0.3393
950.0	0.0146	0.1267	0.3382
951.0	0.0145	0.1204	0.3382
952.0	0.0166	0.123	0.3389
953.0	0.0136	0.118	0.3379
954.0	0.0129	0.1281	0.3376
955.0	0.0252	0.1109	0.3417
956.0	0.0247	0.117	0.3416
957.0	0.0137	0.1234	0.3379
958.0	0.0182	0.1182	0.3394
959.0	0.0161	0.1248	0.3387
960.0	0.0259	0.1154	0.342
961.0	0.0148	0.1227	0.3383
962.0	0.0172	0.1209	0.3391
963.0	0.0191	0.1217	0.3397
964.0	0.0247	0.1122	0.3416
965.0	0.0147	0.1221	0.3382
966.0	0.0147	0.1269	0.3382
967.0	0.0176	0.1271	0.3392
968.0	0.0118	0.1266	0.3373
969.0	0.0101	0.1292	0.3367
970.0	0.0079	0.1284	0.336
971.0	0.0156	0.1225	0.3385
972.0	0.018	0.1261	0.3393
973.0	0.0241	0.1136	0.3414
974.0	0.0206	0.1173	0.3402
975.0	0.0193	0.1201	0.3398
976.0	0.0119	0.1323	0.3373
977.0	0.0195	0.1235	0.3398
978.0	0.0093	0.1344	0.3364
979.0	0.0144	0.1285	0.3381
980.0	0.0053	0.1381	0.3351
981.0	0.0172	0.1222	0.3391
982.0	0.0186	0.1217	0.3395
983.0	0.0141	0.1284	0.338
984.0	0.0165	0.1253	0.3388
985.0	0.0133	0.1242	0.3378
986.0	0.0129	0.1279	0.3376
987.0	0.0075	0.138	0.3358
988.0	0.013	0.1261	0.3377
989.0	0.0233	0.1169	0.3411
990.0	0.0234	0.1153	0.3411
991.0	0.0163	0.1224	0.3388
992.0	0.0123	0.1278	0.3374
993.0	0.014	0.1236	0.338
994.0	0.0082	0.1251	0.3361
995.0	0.0169	0.1197	0.339
996.0	0.0177	0.1213	0.3392
997.0	0.0186	0.1174	0.3395
998.0	0.019	0.1204	0.3397
999.0	0.0205	0.1189	0.3402
1000.0	0.0163	0.1237	0.3388
