1.0	0.0217	-0.0	0.3406
2.0	0.033	-0.0	0.3443
3.0	0.0313	-0.0	0.3438
4.0	0.0272	-0.0	0.3424
5.0	0.0281	-0.0	0.3427
6.0	0.0269	-0.0	0.3423
7.0	0.0303	-0.0	0.3434
8.0	0.0481	-0.0	0.3494
9.0	0.0358	-0.0	0.3453
10.0	0.0214	-0.0	0.3405
11.0	0.0317	-0.0	0.3439
12.0	0.0283	-0.0	0.3428
13.0	0.0309	-0.0	0.3436
14.0	0.0306	-0.0	0.3435
15.0	0.0412	-0.0	0.3471
16.0	0.0371	-0.0	0.3457
17.0	0.0159	-0.0	0.3386
18.0	0.0231	-0.0	0.341
19.0	0.0353	-0.0	0.3451
20.0	0.0244	-0.0	0.3415
21.0	0.0476	-0.0	0.3492
22.0	0.0265	-0.0	0.3422
23.0	0.0168	-0.0	0.3389
24.0	0.0262	-0.0	0.3421
25.0	0.0361	-0.0	0.3454
26.0	0.0369	0.0	0.3456
27.0	0.0294	-0.0	0.3431
28.0	0.0231	-0.0	0.341
29.0	0.0226	-0.0	0.3409
30.0	0.033	-0.0	0.3443
31.0	0.0277	-0.0	0.3426
32.0	0.0263	-0.0	0.3421
33.0	0.0348	-0.0	0.3449
34.0	0.0187	-0.0	0.3396
35.0	0.0375	-0.0	0.3458
36.0	0.0242	-0.0	0.3414
37.0	0.0211	-0.0	0.3404
38.0	0.0185	-0.0	0.3395
39.0	0.0349	-0.0	0.345
40.0	0.0381	-0.0	0.346
41.0	0.0327	-0.0	0.3442
42.0	0.0291	-0.0	0.343
43.0	0.0264	-0.0	0.3421
44.0	0.0377	-0.0	0.3459
45.0	0.0176	-0.0	0.3392
46.0	0.0279	-0.0	0.3426
47.0	0.0188	-0.0	0.3396
48.0	0.0379	-0.0	0.346
49.0	0.0365	-0.0	0.3455
50.0	0.026	-0.0	0.342
51.0	0.0247	-0.0	0.3416
52.0	0.0243	-0.0	0.3414
53.0	0.0295	-0.0	0.3432
54.0	0.0264	-0.0	0.3421
55.0	0.0334	0.0	0.3445
56.0	0.0378	-0.0	0.3459
57.0	0.0199	-0.0	0.34
58.0	0.0281	-0.0	0.3427
59.0	0.0274	-0.0	0.3425
60.0	0.0285	-0.0	0.3428
61.0	0.0308	-0.0	0.3436
62.0	0.0269	-0.0	0.3423
63.0	0.0233	-0.0	0.3411
64.0	0.0492	-0.0	0.3497
65.0	0.0328	-0.0	0.3443
66.0	0.0268	-0.0	0.3423
67.0	0.0229	-0.0	0.341
68.0	0.0308	0.0	0.3436
69.0	0.0341	-0.0	0.3447
70.0	0.0229	-0.0	0.341
71.0	0.0249	-0.0	0.3416
72.0	0.0186	0.0	0.3395
73.0	0.017	0.0	0.339
74.0	0.0355	-0.0	0.3452
75.0	0.0216	-0.0	0.3405
76.0	0.0187	-0.0	0.3396
77.0	0.0348	-0.0	0.3449
78.0	0.0288	-0.0	0.3429
79.0	0.028	-0.0	0.3427
80.0	0.0202	-0.0	0.3401
81.0	0.0354	-0.0	0.3451
82.0	0.0195	-0.0	0.3398
83.0	0.0296	0.0	0.3432
84.0	0.0355	-0.0	0.3452
85.0	0.0392	0.0	0.3464
86.0	0.0314	-0.0	0.3438
87.0	0.0246	-0.0	0.3415
88.0	0.0355	-0.0	0.3452
89.0	0.0308	-0.0	0.3436
90.0	0.0315	-0.0	0.3438
91.0	0.0181	-0.0	0.3394
92.0	0.0301	-0.0	0.3434
93.0	0.0194	-0.0	0.3398
94.0	0.0267	-0.0	0.3422
95.0	0.0329	-0.0	0.3443
96.0	0.0235	-0.0	0.3412
97.0	0.0262	0.0	0.3421
98.0	0.0234	-0.0	0.3411
99.0	0.0264	0.0	0.3421
100.0	0.0359	0.0	0.3453
101.0	0.0291	-0.0	0.343
102.0	0.0221	-0.0	0.3407
103.0	0.0282	-0.0	0.3427
104.0	0.0239	-0.0	0.3413
105.0	0.0195	-0.0	0.3398
106.0	0.03	-0.0	0.3433
107.0	0.0258	-0.0	0.3419
108.0	0.0229	-0.0	0.341
109.0	0.0397	0.0	0.3466
110.0	0.0419	-0.0	0.3473
111.0	0.0444	-0.0	0.3481
112.0	0.0091	-0.0	0.3364
113.0	0.0344	0.0	0.3448
114.0	0.0344	-0.0	0.3448
115.0	0.0236	-0.0	0.3412
116.0	0.028	-0.0	0.3427
117.0	0.0244	-0.0	0.3415
118.0	0.0363	-0.0	0.3454
119.0	0.0336	-0.0	0.3445
120.0	0.0351	-0.0	0.345
121.0	0.0275	-0.0	0.3425
122.0	0.0248	-0.0	0.3416
123.0	0.0222	-0.0	0.3407
124.0	0.0296	-0.0	0.3432
125.0	0.0256	-0.0	0.3419
126.0	0.0216	-0.0	0.3405
127.0	0.0285	-0.0	0.3428
128.0	0.0188	-0.0	0.3396
129.0	0.0488	-0.0	0.3496
130.0	0.0112	-0.0	0.3371
131.0	0.0226	-0.0	0.3409
132.0	0.0218	-0.0	0.3406
133.0	0.0326	-0.0	0.3442
134.0	0.0239	-0.0	0.3413
135.0	0.0143	-0.0	0.3381
136.0	0.0317	0.0	0.3439
137.0	0.0241	-0.0	0.3414
138.0	0.0204	-0.0	0.3401
139.0	0.03	-0.0	0.3433
140.0	0.0343	-0.0	0.3448
141.0	0.0266	-0.0	0.3422
142.0	0.0375	-0.0	0.3458
143.0	0.0099	-0.0	0.3366
144.0	0.0284	-0.0	0.3428
145.0	0.0214	-0.0	0.3405
146.0	0.0083	0.0	0.3361
147.0	0.0158	-0.0	0.3386
148.0	0.0313	0.0	0.3438
149.0	0.0224	-0.0	0.3408
150.0	0.0283	-0.0	0.3428
151.0	0.0235	-0.0	0.3412
152.0	0.0407	-0.0	0.3469
153.0	0.0314	-0.0	0.3438
154.0	0.03	-0.0	0.3433
155.0	0.0243	-0.0	0.3414
156.0	0.0208	-0.0	0.3403
157.0	0.0262	0.0	0.3421
158.0	0.0188	-0.0	0.3396
159.0	0.0417	-0.0	0.3472
160.0	0.0254	-0.0	0.3418
161.0	0.0239	-0.0	0.3413
162.0	0.019	-0.0	0.3397
163.0	0.0111	0.0	0.337
164.0	0.0304	-0.0	0.3435
165.0	0.045	-0.0	0.3483
166.0	0.0309	-0.0	0.3436
167.0	0.0285	-0.0	0.3428
168.0	0.0252	-0.0	0.3417
169.0	0.0288	0.0	0.3429
170.0	0.0354	-0.0	0.3451
171.0	0.0315	-0.0	0.3438
172.0	0.0353	-0.0	0.3451
173.0	0.0248	0.0	0.3416
174.0	0.0432	-0.0	0.3477
175.0	0.0313	-0.0	0.3438
176.0	0.0243	-0.0	0.3414
177.0	0.0489	-0.0	0.3496
178.0	0.0319	-0.0	0.344
179.0	0.0272	-0.0	0.3424
180.0	0.0147	0.0	0.3382
181.0	0.0278	-0.0	0.3426
182.0	0.0432	-0.0	0.3477
183.0	0.0265	-0.0	0.3422
184.0	0.0122	-0.0	0.3374
185.0	0.0231	-0.0	0.341
186.0	0.0281	-0.0	0.3427
187.0	0.0165	-0.0	0.3388
188.0	0.0284	-0.0	0.3428
189.0	0.0331	-0.0	0.3444
190.0	0.0273	-0.0	0.3424
191.0	0.0246	-0.0	0.3415
192.0	0.0272	-0.0	0.3424
193.0	0.0433	-0.0	0.3478
194.0	0.0261	-0.0	0.342
195.0	0.0276	-0.0	0.3425
196.0	0.0258	0.0	0.3419
197.0	0.0485	-0.0	0.3495
198.0	0.0345	-0.0	0.3448
199.0	0.0391	-0.0	0.3464
200.0	0.0187	-0.0	0.3396
201.0	0.0188	0.0	0.3396
202.0	0.026	-0.0	0.342
203.0	0.0278	-0.0	0.3426
204.0	0.0192	-0.0	0.3397
205.0	0.0318	0.0	0.3439
206.0	0.0386	-0.0	0.3462
207.0	0.0183	-0.0	0.3394
208.0	0.0189	-0.0	0.3396
209.0	0.0409	-0.0	0.347
210.0	0.0433	-0.0	0.3478
211.0	0.0599	-0.0	0.3533
212.0	0.0337	0.0	0.3446
213.0	0.0155	0.0	0.3385
214.0	0.0243	-0.0	0.3414
215.0	0.0305	0.0	0.3435
216.0	0.0464	-0.0	0.3488
217.0	0.0291	-0.0	0.343
218.0	0.0313	0.0	0.3438
219.0	0.032	-0.0	0.344
220.0	0.0339	-0.0	0.3446
221.0	0.0332	-0.0	0.3444
222.0	0.0368	-0.0	0.3456
223.0	0.0548	-0.0	0.3516
224.0	0.0383	-0.0	0.3461
225.0	0.0325	-0.0	0.3442
226.0	0.0178	-0.0	0.3393
227.0	0.0183	-0.0	0.3394
228.0	0.0191	-0.0	0.3397
229.0	0.0249	-0.0	0.3416
230.0	0.0295	-0.0	0.3432
231.0	0.0267	-0.0	0.3422
232.0	0.0393	-0.0	0.3464
233.0	0.0337	-0.0	0.3446
234.0	0.0243	-0.0	0.3414
235.0	0.0219	-0.0	0.3406
236.0	0.0321	-0.0	0.344
237.0	0.0256	-0.0	0.3419
238.0	0.026	-0.0	0.342
239.0	0.0341	-0.0	0.3447
240.0	0.0317	-0.0	0.3439
241.0	0.0139	-0.0	0.338
242.0	0.0206	-0.0	0.3402
243.0	0.0208	-0.0	0.3403
244.0	0.0302	-0.0	0.3434
245.0	0.0213	-0.0	0.3404
246.0	0.0304	-0.0	0.3435
247.0	0.048	-0.0	0.3493
248.0	0.031	-0.0	0.3437
249.0	0.0193	-0.0	0.3398
250.0	0.0328	0.0	0.3443
251.0	0.0474	-0.0	0.3491
252.0	0.0396	-0.0	0.3465
253.0	0.0173	-0.0	0.3391
254.0	0.0247	-0.0	0.3416
255.0	0.0453	-0.0	0.3484
256.0	0.0341	-0.0	0.3447
257.0	0.0182	-0.0	0.3394
258.0	0.029	-0.0	0.343
259.0	0.0158	-0.0	0.3386
260.0	0.0416	-0.0	0.3472
261.0	0.0317	0.0	0.3439
262.0	0.0319	-0.0	0.344
263.0	0.0197	-0.0	0.3399
264.0	0.0354	-0.0	0.3451
265.0	0.0374	-0.0	0.3458
266.0	0.0181	-0.0	0.3394
267.0	0.0405	-0.0	0.3468
268.0	0.0367	0.0	0.3456
269.0	0.0272	-0.0	0.3424
270.0	0.025	-0.0	0.3417
271.0	0.0248	-0.0	0.3416
272.0	0.0159	-0.0	0.3386
273.0	0.0244	-0.0	0.3415
274.0	0.0272	-0.0	0.3424
275.0	0.031	-0.0	0.3437
276.0	0.0393	-0.0	0.3464
277.0	0.0151	-0.0	0.3384
278.0	0.0233	-0.0	0.3411
279.0	0.0357	-0.0	0.3452
280.0	0.022	-0.0	0.3407
281.0	0.0321	0.0	0.344
282.0	0.025	-0.0	0.3417
283.0	0.0345	-0.0	0.3448
284.0	0.0181	-0.0	0.3394
285.0	0.018	-0.0	0.3393
286.0	0.0241	-0.0	0.3414
287.0	0.0274	0.0	0.3425
288.0	0.0317	-0.0	0.3439
289.0	0.0364	-0.0	0.3455
290.0	0.0161	0.0	0.3387
291.0	0.0317	-0.0	0.3439
292.0	0.0355	0.0	0.3452
293.0	0.044	-0.0	0.348
294.0	0.0286	0.0	0.3429
295.0	0.0151	-0.0	0.3384
296.0	0.0222	-0.0	0.3407
297.0	0.0154	0.0	0.3385
298.0	0.0326	-0.0	0.3442
299.0	0.0245	-0.0	0.3415
300.0	0.0255	-0.0	0.3418
301.0	0.0195	-0.0	0.3398
302.0	0.0328	0.0	0.3443
303.0	0.0245	-0.0	0.3415
304.0	0.0251	-0.0	0.3417
305.0	0.0289	-0.0	0.343
306.0	0.0285	-0.0	0.3428
307.0	0.0304	-0.0	0.3435
308.0	0.0327	0.0	0.3442
309.0	0.0347	-0.0	0.3449
310.0	0.0201	-0.0	0.34
311.0	0.0312	-0.0	0.3437
312.0	0.0384	-0.0	0.3461
313.0	0.0194	-0.0	0.3398
314.0	0.0424	-0.0	0.3475
315.0	0.0153	-0.0	0.3384
316.0	0.0166	-0.0	0.3389
317.0	0.0293	-0.0	0.3431
318.0	0.0351	-0.0	0.345
319.0	0.0345	-0.0	0.3448
320.0	0.0293	-0.0	0.3431
321.0	0.0292	-0.0	0.3431
322.0	0.035	0.0	0.345
323.0	0.0284	-0.0	0.3428
324.0	0.011	-0.0	0.337
325.0	0.0388	-0.0	0.3463
326.0	0.0376	0.0	0.3459
327.0	0.0248	-0.0	0.3416
328.0	0.0245	0.0	0.3415
329.0	0.0336	-0.0	0.3445
330.0	0.0289	-0.0	0.343
331.0	0.0259	-0.0	0.342
332.0	0.0162	-0.0	0.3387
333.0	0.0328	-0.0	0.3443
334.0	0.0309	-0.0	0.3436
335.0	0.0234	-0.0	0.3411
336.0	0.025	-0.0	0.3417
337.0	0.0248	-0.0	0.3416
338.0	0.0215	-0.0	0.3405
339.0	0.0125	-0.0	0.3375
340.0	0.0211	-0.0	0.3404
341.0	0.0308	-0.0	0.3436
342.0	0.0333	-0.0	0.3444
343.0	0.0261	0.0	0.342
344.0	0.0281	-0.0	0.3427
345.0	0.0231	-0.0	0.341
346.0	0.0253	-0.0	0.3418
347.0	0.0358	-0.0	0.3453
348.0	0.0324	-0.0	0.3441
349.0	0.0248	-0.0	0.3416
350.0	0.0291	0.0	0.343
351.0	0.0227	-0.0	0.3409
352.0	0.0299	-0.0	0.3433
353.0	0.0286	0.0	0.3429
354.0	0.0253	-0.0	0.3418
355.0	0.0425	-0.0	0.3475
356.0	0.0286	-0.0	0.3429
357.0	0.027	0.0	0.3423
358.0	0.0235	-0.0	0.3412
359.0	0.0309	-0.0	0.3436
360.0	0.0368	-0.0	0.3456
361.0	0.047	-0.0	0.349
362.0	0.0245	0.0	0.3415
363.0	0.0287	-0.0	0.3429
364.0	0.0232	0.0	0.3411
365.0	0.0272	-0.0	0.3424
366.0	0.022	-0.0	0.3407
367.0	0.0328	-0.0	0.3443
368.0	0.0231	-0.0	0.341
369.0	0.0336	-0.0	0.3445
370.0	0.0352	-0.0	0.3451
371.0	0.0175	-0.0	0.3392
372.0	0.0307	-0.0	0.3436
373.0	0.0264	-0.0	0.3421
374.0	0.0387	-0.0	0.3462
375.0	0.0247	-0.0	0.3416
376.0	0.0402	-0.0	0.3467
377.0	0.0253	-0.0	0.3418
378.0	0.0307	-0.0	0.3436
379.0	0.0427	0.0	0.3476
380.0	0.0159	-0.0	0.3386
381.0	0.0186	-0.0	0.3395
382.0	0.0367	-0.0	0.3456
383.0	0.0406	-0.0	0.3469
384.0	0.021	-0.0	0.3403
385.0	0.0311	-0.0	0.3437
386.0	0.0409	0.0	0.347
387.0	0.0306	-0.0	0.3435
388.0	0.0331	-0.0	0.3444
389.0	0.0276	-0.0	0.3425
390.0	0.0149	-0.0	0.3383
391.0	0.0258	-0.0	0.3419
392.0	0.0299	-0.0	0.3433
393.0	0.0291	-0.0	0.343
394.0	0.0324	-0.0	0.3441
395.0	0.0248	-0.0	0.3416
396.0	0.0518	-0.0	0.3506
397.0	0.0391	-0.0	0.3464
398.0	0.0128	0.0	0.3376
399.0	0.0277	-0.0	0.3426
400.0	0.0202	-0.0	0.3401
401.0	0.0524	-0.0	0.3508
402.0	0.0287	-0.0	0.3429
403.0	0.0351	-0.0	0.345
404.0	0.0173	-0.0	0.3391
405.0	0.0403	-0.0	0.3468
406.0	0.0202	-0.0	0.3401
407.0	0.0387	-0.0	0.3462
408.0	0.0263	-0.0	0.3421
409.0	0.0253	-0.0	0.3418
410.0	0.0348	-0.0	0.3449
411.0	0.0138	-0.0	0.3379
412.0	0.0152	0.0	0.3384
413.0	0.0271	-0.0	0.3424
414.0	0.0349	-0.0	0.345
415.0	0.0372	-0.0	0.3457
416.0	0.0263	-0.0	0.3421
417.0	0.011	-0.0	0.337
418.0	0.0297	-0.0	0.3432
419.0	0.0329	-0.0	0.3443
420.0	0.0325	-0.0	0.3442
421.0	0.0227	-0.0	0.3409
422.0	0.0227	0.0	0.3409
423.0	0.0288	-0.0	0.3429
424.0	0.0261	-0.0	0.342
425.0	0.024	-0.0	0.3413
426.0	0.0206	-0.0	0.3402
427.0	0.0425	-0.0	0.3475
428.0	0.0285	-0.0	0.3428
429.0	0.0329	-0.0	0.3443
430.0	0.0432	-0.0	0.3477
431.0	0.0229	-0.0	0.341
432.0	0.0259	-0.0	0.342
433.0	0.0293	-0.0	0.3431
434.0	0.0257	-0.0	0.3419
435.0	0.0381	-0.0	0.346
436.0	0.0328	-0.0	0.3443
437.0	0.0188	-0.0	0.3396
438.0	0.0185	-0.0	0.3395
439.0	0.0287	-0.0	0.3429
440.0	0.0239	-0.0	0.3413
441.0	0.0439	-0.0	0.348
442.0	0.0308	-0.0	0.3436
443.0	0.0294	-0.0	0.3431
444.0	0.0262	-0.0	0.3421
445.0	0.035	-0.0	0.345
446.0	0.0157	-0.0	0.3386
447.0	0.0205	-0.0	0.3402
448.0	0.019	-0.0	0.3397
449.0	0.0273	-0.0	0.3424
450.0	0.0303	-0.0	0.3434
451.0	0.0395	-0.0	0.3465
452.0	0.0381	-0.0	0.346
453.0	0.0223	-0.0	0.3408
454.0	0.0385	-0.0	0.3462
455.0	0.0344	-0.0	0.3448
456.0	0.0352	-0.0	0.3451
457.0	0.0292	-0.0	0.3431
458.0	0.04	-0.0	0.3467
459.0	0.0269	-0.0	0.3423
460.0	0.031	-0.0	0.3437
461.0	0.0314	-0.0	0.3438
462.0	0.0278	-0.0	0.3426
463.0	0.0408	-0.0	0.3469
464.0	0.0147	-0.0	0.3382
465.0	0.0319	-0.0	0.344
466.0	0.0392	-0.0	0.3464
467.0	0.0272	0.0	0.3424
468.0	0.027	0.0	0.3423
469.0	0.0379	-0.0	0.346
470.0	0.0314	-0.0	0.3438
471.0	0.0298	-0.0	0.3433
472.0	0.0279	-0.0	0.3426
473.0	0.0283	0.0	0.3428
474.0	0.0275	-0.0	0.3425
475.0	0.0168	-0.0	0.3389
476.0	0.0278	-0.0	0.3426
477.0	0.0405	-0.0	0.3468
478.0	0.0211	-0.0	0.3404
479.0	0.0391	-0.0	0.3464
480.0	0.0255	-0.0	0.3418
481.0	0.0292	-0.0	0.3431
482.0	0.0313	-0.0	0.3438
483.0	0.0165	-0.0	0.3388
484.0	0.0387	-0.0	0.3462
485.0	0.0397	0.0	0.3466
486.0	0.0214	-0.0	0.3405
487.0	0.0198	-0.0	0.3399
488.0	0.036	-0.0	0.3453
489.0	0.0103	-0.0	0.3368
490.0	0.0337	-0.0	0.3446
491.0	0.032	0.0	0.344
492.0	0.0289	-0.0	0.343
493.0	0.0249	-0.0	0.3416
494.0	0.0233	-0.0	0.3411
495.0	0.0277	-0.0	0.3426
496.0	0.0198	-0.0	0.3399
497.0	0.0234	0.0	0.3411
498.0	0.0278	-0.0	0.3426
499.0	0.031	-0.0	0.3437
500.0	0.0186	-0.0	0.3395
501.0	0.0362	-0.0	0.3454
502.0	0.0377	-0.0	0.3459
503.0	0.0259	-0.0	0.342
504.0	0.0368	-0.0	0.3456
505.0	0.0258	-0.0	0.3419
506.0	0.009	-0.0	0.3363
507.0	0.0234	-0.0	0.3411
508.0	0.0385	-0.0	0.3462
509.0	0.0268	-0.0	0.3423
510.0	0.033	-0.0	0.3443
511.0	0.0352	-0.0	0.3451
512.0	0.0268	-0.0	0.3423
513.0	0.0342	-0.0	0.3447
514.0	0.0246	-0.0	0.3415
515.0	0.0268	-0.0	0.3423
516.0	0.0311	0.0	0.3437
517.0	0.0139	-0.0	0.338
518.0	0.0286	-0.0	0.3429
519.0	0.0293	-0.0	0.3431
520.0	0.0207	-0.0	0.3402
521.0	0.0292	0.0	0.3431
522.0	0.0278	-0.0	0.3426
523.0	0.0404	-0.0	0.3468
524.0	0.0369	-0.0	0.3456
525.0	0.0229	-0.0	0.341
526.0	0.0219	-0.0	0.3406
527.0	0.0315	-0.0	0.3438
528.0	0.0441	-0.0	0.348
529.0	0.0264	-0.0	0.3421
530.0	0.0311	-0.0	0.3437
531.0	0.041	-0.0	0.347
532.0	0.0342	-0.0	0.3447
533.0	0.0151	-0.0	0.3384
534.0	0.0222	-0.0	0.3407
535.0	0.0201	-0.0	0.34
536.0	0.0271	-0.0	0.3424
537.0	0.0238	-0.0	0.3413
538.0	0.0253	-0.0	0.3418
539.0	0.0413	-0.0	0.3471
540.0	0.0279	-0.0	0.3426
541.0	0.0426	-0.0	0.3475
542.0	0.035	-0.0	0.345
543.0	0.0296	0.0	0.3432
544.0	0.0237	-0.0	0.3412
545.0	0.0271	-0.0	0.3424
546.0	0.0207	-0.0	0.3402
547.0	0.029	-0.0	0.343
548.0	0.0236	-0.0	0.3412
549.0	0.0309	-0.0	0.3436
550.0	0.0431	-0.0	0.3477
551.0	0.0354	-0.0	0.3451
552.0	0.0372	-0.0	0.3457
553.0	0.0302	0.0	0.3434
554.0	0.0151	-0.0	0.3384
555.0	0.027	0.0	0.3423
556.0	0.0199	-0.0	0.34
557.0	0.0253	-0.0	0.3418
558.0	0.0354	0.0	0.3451
559.0	0.0238	-0.0	0.3413
560.0	0.0295	0.0	0.3432
561.0	0.0279	-0.0	0.3426
562.0	0.0266	-0.0	0.3422
563.0	0.0126	0.0	0.3375
564.0	0.033	-0.0	0.3443
565.0	0.0239	-0.0	0.3413
566.0	0.0273	-0.0	0.3424
567.0	0.0371	-0.0	0.3457
568.0	0.0292	-0.0	0.3431
569.0	0.0161	-0.0	0.3387
570.0	0.0384	-0.0	0.3461
571.0	0.0243	-0.0	0.3414
572.0	0.0407	-0.0	0.3469
573.0	0.0336	-0.0	0.3445
574.0	0.0317	0.0	0.3439
575.0	0.0294	-0.0	0.3431
576.0	0.031	-0.0	0.3437
577.0	0.0412	-0.0	0.3471
578.0	0.0222	-0.0	0.3407
579.0	0.0341	-0.0	0.3447
580.0	0.0227	-0.0	0.3409
581.0	0.0191	-0.0	0.3397
582.0	0.0295	-0.0	0.3432
583.0	0.0288	0.0	0.3429
584.0	0.0373	0.0	0.3458
585.0	0.0384	-0.0	0.3461
586.0	0.0107	-0.0	0.3369
587.0	0.0184	-0.0	0.3395
588.0	0.0378	0.0	0.3459
589.0	0.0326	0.0	0.3442
590.0	0.0249	-0.0	0.3416
591.0	0.0358	0.0	0.3453
592.0	0.033	-0.0	0.3443
593.0	0.019	-0.0	0.3397
594.0	0.0234	0.0	0.3411
595.0	0.0394	0.0	0.3465
596.0	0.0272	-0.0	0.3424
597.0	0.0302	-0.0	0.3434
598.0	0.0201	-0.0	0.34
599.0	0.0192	-0.0	0.3397
600.0	0.0353	-0.0	0.3451
601.0	0.0264	0.0	0.3421
602.0	0.0282	-0.0	0.3427
603.0	0.0314	0.0	0.3438
604.0	0.0205	-0.0	0.3402
605.0	0.0302	-0.0	0.3434
606.0	0.0355	-0.0	0.3452
607.0	0.0258	0.0	0.3419
608.0	0.018	-0.0	0.3393
609.0	0.0519	-0.0	0.3506
610.0	0.0298	-0.0	0.3433
611.0	0.0342	0.0	0.3447
612.0	0.0341	0.0	0.3447
613.0	0.0264	-0.0	0.3421
614.0	0.0269	-0.0	0.3423
615.0	0.0293	-0.0	0.3431
616.0	0.0261	-0.0	0.342
617.0	0.0285	-0.0	0.3428
618.0	0.0217	-0.0	0.3406
619.0	0.0233	-0.0	0.3411
620.0	0.0321	-0.0	0.344
621.0	0.0237	-0.0	0.3412
622.0	0.0317	-0.0	0.3439
623.0	0.0218	-0.0	0.3406
624.0	0.023	-0.0	0.341
625.0	0.0249	0.0	0.3416
626.0	0.0168	-0.0	0.3389
627.0	0.0269	0.0	0.3423
628.0	0.0374	-0.0	0.3458
629.0	0.035	-0.0	0.345
630.0	0.0326	-0.0	0.3442
631.0	0.0221	-0.0	0.3407
632.0	0.0286	-0.0	0.3429
633.0	0.0304	-0.0	0.3435
634.0	0.0356	-0.0	0.3452
635.0	0.0323	0.0	0.3441
636.0	0.0207	0.0	0.3402
637.0	0.0287	-0.0	0.3429
638.0	0.0309	-0.0	0.3436
639.0	0.0217	0.0	0.3406
640.0	0.0151	-0.0	0.3384
641.0	0.0348	-0.0	0.3449
642.0	0.0217	-0.0	0.3406
643.0	0.0137	-0.0	0.3379
644.0	0.0334	-0.0	0.3445
645.0	0.0469	-0.0	0.349
646.0	0.0232	-0.0	0.3411
647.0	0.0416	-0.0	0.3472
648.0	0.0373	-0.0	0.3458
649.0	0.0215	-0.0	0.3405
650.0	0.0282	-0.0	0.3427
651.0	0.02	-0.0	0.34
652.0	0.0177	-0.0	0.3392
653.0	0.0333	-0.0	0.3444
654.0	0.027	-0.0	0.3423
655.0	0.0334	-0.0	0.3445
656.0	0.0335	-0.0	0.3445
657.0	0.0238	-0.0	0.3413
658.0	0.0178	-0.0	0.3393
659.0	0.0324	-0.0	0.3441
660.0	0.0175	-0.0	0.3392
661.0	0.0251	-0.0	0.3417
662.0	0.0324	-0.0	0.3441
663.0	0.0331	-0.0	0.3444
664.0	0.0306	-0.0	0.3435
665.0	0.026	-0.0	0.342
666.0	0.0215	-0.0	0.3405
667.0	0.0232	-0.0	0.3411
668.0	0.0253	-0.0	0.3418
669.0	0.0366	0.0	0.3455
670.0	0.0394	-0.0	0.3465
671.0	0.0227	-0.0	0.3409
672.0	0.0268	-0.0	0.3423
673.0	0.0191	-0.0	0.3397
674.0	0.0166	-0.0	0.3389
675.0	0.0287	-0.0	0.3429
676.0	0.0302	-0.0	0.3434
677.0	0.0264	-0.0	0.3421
678.0	0.0389	-0.0	0.3463
679.0	0.0274	-0.0	0.3425
680.0	0.0369	0.0	0.3456
681.0	0.0261	0.0	0.342
682.0	0.0166	-0.0	0.3389
683.0	0.0157	-0.0	0.3386
684.0	0.0363	-0.0	0.3454
685.0	0.0403	-0.0	0.3468
686.0	0.0271	-0.0	0.3424
687.0	0.0169	-0.0	0.339
688.0	0.025	0.0	0.3417
689.0	0.0224	-0.0	0.3408
690.0	0.0225	-0.0	0.3408
691.0	0.012	-0.0	0.3373
692.0	0.0242	-0.0	0.3414
693.0	0.0149	-0.0	0.3383
694.0	0.0282	-0.0	0.3427
695.0	0.0343	-0.0	0.3448
696.0	0.0279	-0.0	0.3426
697.0	0.0342	-0.0	0.3447
698.0	0.0189	-0.0	0.3396
699.0	0.0496	-0.0	0.3499
700.0	0.0173	-0.0	0.3391
701.0	0.0378	0.0	0.3459
702.0	0.0188	0.0	0.3396
703.0	0.022	-0.0	0.3407
704.0	0.0309	-0.0	0.3436
705.0	0.0277	-0.0	0.3426
706.0	0.0298	-0.0	0.3433
707.0	0.0241	-0.0	0.3414
708.0	0.0219	-0.0	0.3406
709.0	0.0333	0.0	0.3444
710.0	0.0297	-0.0	0.3432
711.0	0.0219	-0.0	0.3406
712.0	0.0337	0.0	0.3446
713.0	0.0219	-0.0	0.3406
714.0	0.0285	-0.0	0.3428
715.0	0.0262	-0.0	0.3421
716.0	0.0266	-0.0	0.3422
717.0	0.0186	-0.0	0.3395
718.0	0.0231	-0.0	0.341
719.0	0.0246	-0.0	0.3415
720.0	0.036	-0.0	0.3453
721.0	0.0343	-0.0	0.3448
722.0	0.0221	-0.0	0.3407
723.0	0.0306	-0.0	0.3435
724.0	0.0399	-0.0	0.3466
725.0	0.0207	-0.0	0.3402
726.0	0.0203	-0.0	0.3401
727.0	0.0151	-0.0	0.3384
728.0	0.017	0.0	0.339
729.0	0.0229	-0.0	0.341
730.0	0.0202	-0.0	0.3401
731.0	0.0325	0.0	0.3442
732.0	0.0269	-0.0	0.3423
733.0	0.0329	-0.0	0.3443
734.0	0.031	0.0	0.3437
735.0	0.0244	-0.0	0.3415
736.0	0.0206	-0.0	0.3402
737.0	0.0348	-0.0	0.3449
738.0	0.03	-0.0	0.3433
739.0	0.0237	-0.0	0.3412
740.0	0.0276	-0.0	0.3425
741.0	0.0275	-0.0	0.3425
742.0	0.0381	-0.0	0.346
743.0	0.0271	0.0	0.3424
744.0	0.0338	-0.0	0.3446
745.0	0.0305	-0.0	0.3435
746.0	0.0307	-0.0	0.3436
747.0	0.0227	-0.0	0.3409
748.0	0.0246	-0.0	0.3415
749.0	0.0163	-0.0	0.3388
750.0	0.0357	-0.0	0.3452
751.0	0.019	-0.0	0.3397
752.0	0.036	-0.0	0.3453
753.0	0.0307	0.0	0.3436
754.0	0.0155	-0.0	0.3385
755.0	0.0236	-0.0	0.3412
756.0	0.0212	0.0	0.3404
757.0	0.023	-0.0	0.341
758.0	0.0343	-0.0	0.3448
759.0	0.0243	-0.0	0.3414
760.0	0.0177	-0.0	0.3392
761.0	0.0288	-0.0	0.3429
762.0	0.0317	-0.0	0.3439
763.0	0.0225	-0.0	0.3408
764.0	0.0375	-0.0	0.3458
765.0	0.039	-0.0	0.3463
766.0	0.0285	-0.0	0.3428
767.0	0.0267	-0.0	0.3422
768.0	0.0228	-0.0	0.3409
769.0	0.0349	-0.0	0.345
770.0	0.0392	-0.0	0.3464
771.0	0.0326	-0.0	0.3442
772.0	0.0237	-0.0	0.3412
773.0	0.0265	-0.0	0.3422
774.0	0.0379	0.0	0.346
775.0	0.0289	-0.0	0.343
776.0	0.0285	-0.0	0.3428
777.0	0.0208	-0.0	0.3403
778.0	0.0166	-0.0	0.3389
779.0	0.0301	-0.0	0.3434
780.0	0.0272	-0.0	0.3424
781.0	0.0244	-0.0	0.3415
782.0	0.0319	-0.0	0.344
783.0	0.0343	-0.0	0.3448
784.0	0.0345	-0.0	0.3448
785.0	0.0434	-0.0	0.3478
786.0	0.0129	0.0	0.3376
787.0	0.0203	-0.0	0.3401
788.0	0.0271	-0.0	0.3424
789.0	0.0344	-0.0	0.3448
790.0	0.0283	0.0	0.3428
791.0	0.0344	-0.0	0.3448
792.0	0.0179	-0.0	0.3393
793.0	0.0427	-0.0	0.3476
794.0	0.0369	0.0	0.3456
795.0	0.0266	0.0	0.3422
796.0	0.0205	-0.0	0.3402
797.0	0.0264	-0.0	0.3421
798.0	0.0332	-0.0	0.3444
799.0	0.0266	-0.0	0.3422
800.0	0.0342	-0.0	0.3447
801.0	0.0423	-0.0	0.3474
802.0	0.0369	-0.0	0.3456
803.0	0.0284	-0.0	0.3428
804.0	0.0222	-0.0	0.3407
805.0	0.0378	0.0	0.3459
806.0	0.0302	0.0	0.3434
807.0	0.0273	-0.0	0.3424
808.0	0.0316	0.0	0.3439
809.0	0.0205	-0.0	0.3402
810.0	0.0266	-0.0	0.3422
811.0	0.0414	-0.0	0.3471
812.0	0.023	-0.0	0.341
813.0	0.0225	-0.0	0.3408
814.0	0.031	0.0	0.3437
815.0	0.0424	-0.0	0.3475
816.0	0.0237	0.0	0.3412
817.0	0.0348	0.0	0.3449
818.0	0.0371	0.0	0.3457
819.0	0.0245	-0.0	0.3415
820.0	0.0192	-0.0	0.3397
821.0	0.0204	-0.0	0.3401
822.0	0.0361	0.0	0.3454
823.0	0.0266	-0.0	0.3422
824.0	0.0338	-0.0	0.3446
825.0	0.0282	-0.0	0.3427
826.0	0.0288	0.0	0.3429
827.0	0.0359	-0.0	0.3453
828.0	0.0143	-0.0	0.3381
829.0	0.0195	-0.0	0.3398
830.0	0.0185	0.0	0.3395
831.0	0.0326	-0.0	0.3442
832.0	0.0288	-0.0	0.3429
833.0	0.0208	-0.0	0.3403
834.0	0.0124	0.0	0.3375
835.0	0.0258	0.0	0.3419
836.0	0.0342	-0.0	0.3447
837.0	0.0259	-0.0	0.342
838.0	0.0236	-0.0	0.3412
839.0	0.0323	0.0	0.3441
840.0	0.0329	0.0	0.3443
841.0	0.0329	-0.0	0.3443
842.0	0.0275	0.0	0.3425
843.0	0.0275	-0.0	0.3425
844.0	0.0147	-0.0	0.3382
845.0	0.0347	-0.0	0.3449
846.0	0.0336	-0.0	0.3445
847.0	0.0301	-0.0	0.3434
848.0	0.0241	-0.0	0.3414
849.0	0.035	0.0	0.345
850.0	0.0163	-0.0	0.3388
851.0	0.0231	-0.0	0.341
852.0	0.0278	-0.0	0.3426
853.0	0.044	-0.0	0.348
854.0	0.0488	-0.0	0.3496
855.0	0.0204	-0.0	0.3401
856.0	0.0134	-0.0	0.3378
857.0	0.0333	-0.0	0.3444
858.0	0.0196	-0.0	0.3399
859.0	0.0194	0.0	0.3398
860.0	0.0299	-0.0	0.3433
861.0	0.0222	-0.0	0.3407
862.0	0.0349	-0.0	0.345
863.0	0.024	-0.0	0.3413
864.0	0.0294	-0.0	0.3431
865.0	0.0356	-0.0	0.3452
866.0	0.023	-0.0	0.341
867.0	0.034	-0.0	0.3447
868.0	0.0389	-0.0	0.3463
869.0	0.0339	-0.0	0.3446
870.0	0.033	-0.0	0.3443
871.0	0.0245	0.0	0.3415
872.0	0.0379	-0.0	0.346
873.0	0.0227	-0.0	0.3409
874.0	0.0236	-0.0	0.3412
875.0	0.0422	-0.0	0.3474
876.0	0.0293	-0.0	0.3431
877.0	0.0206	-0.0	0.3402
878.0	0.0234	-0.0	0.3411
879.0	0.0273	-0.0	0.3424
880.0	0.0169	-0.0	0.339
881.0	0.0343	-0.0	0.3448
882.0	0.0201	-0.0	0.34
883.0	0.0239	-0.0	0.3413
884.0	0.0205	-0.0	0.3402
885.0	0.0225	-0.0	0.3408
886.0	0.0324	-0.0	0.3441
887.0	0.011	-0.0	0.337
888.0	0.0321	-0.0	0.344
889.0	0.0271	-0.0	0.3424
890.0	0.0426	-0.0	0.3475
891.0	0.0245	-0.0	0.3415
892.0	0.0299	-0.0	0.3433
893.0	0.0333	-0.0	0.3444
894.0	0.0165	-0.0	0.3388
895.0	0.0339	-0.0	0.3446
896.0	0.0382	-0.0	0.3461
897.0	0.0136	-0.0	0.3379
898.0	0.036	-0.0	0.3453
899.0	0.0306	-0.0	0.3435
900.0	0.0332	-0.0	0.3444
901.0	0.0316	-0.0	0.3439
902.0	0.0502	-0.0	0.3501
903.0	0.0183	-0.0	0.3394
904.0	0.0263	-0.0	0.3421
905.0	0.0261	-0.0	0.342
906.0	0.0423	-0.0	0.3474
907.0	0.0378	-0.0	0.3459
908.0	0.0271	-0.0	0.3424
909.0	0.0173	-0.0	0.3391
910.0	0.0287	-0.0	0.3429
911.0	0.0352	-0.0	0.3451
912.0	0.0186	-0.0	0.3395
913.0	0.0209	-0.0	0.3403
914.0	0.0264	-0.0	0.3421
915.0	0.049	0.0	0.3497
916.0	0.0161	-0.0	0.3387
917.0	0.0201	-0.0	0.34
918.0	0.0215	-0.0	0.3405
919.0	0.0317	-0.0	0.3439
920.0	0.0263	-0.0	0.3421
921.0	0.0315	-0.0	0.3438
922.0	0.0282	-0.0	0.3427
923.0	0.0252	-0.0	0.3417
924.0	0.0249	-0.0	0.3416
925.0	0.0283	0.0	0.3428
926.0	0.0458	0.0	0.3486
927.0	0.023	-0.0	0.341
928.0	0.0362	-0.0	0.3454
929.0	0.0476	-0.0	0.3492
930.0	0.0181	-0.0	0.3394
931.0	0.023	-0.0	0.341
932.0	0.0152	0.0	0.3384
933.0	0.0141	-0.0	0.338
934.0	0.0313	-0.0	0.3438
935.0	0.0196	-0.0	0.3399
936.0	0.0341	-0.0	0.3447
937.0	0.0312	-0.0	0.3437
938.0	0.0457	-0.0	0.3486
939.0	0.0375	-0.0	0.3458
940.0	0.0306	-0.0	0.3435
941.0	0.0308	-0.0	0.3436
942.0	0.0205	-0.0	0.3402
943.0	0.0343	-0.0	0.3448
944.0	0.0166	-0.0	0.3389
945.0	0.0253	-0.0	0.3418
946.0	0.0364	0.0	0.3455
947.0	0.0236	-0.0	0.3412
948.0	0.0195	-0.0	0.3398
949.0	0.0278	-0.0	0.3426
950.0	0.0289	-0.0	0.343
951.0	0.0238	-0.0	0.3413
952.0	0.0403	-0.0	0.3468
953.0	0.032	-0.0	0.344
954.0	0.0328	-0.0	0.3443
955.0	0.0294	-0.0	0.3431
956.0	0.0247	0.0	0.3416
957.0	0.0214	-0.0	0.3405
958.0	0.0243	-0.0	0.3414
959.0	0.0236	-0.0	0.3412
960.0	0.0175	-0.0	0.3392
961.0	0.0285	-0.0	0.3428
962.0	0.0272	-0.0	0.3424
963.0	0.0297	-0.0	0.3432
964.0	0.0173	-0.0	0.3391
965.0	0.0358	0.0	0.3453
966.0	0.0115	-0.0	0.3372
967.0	0.0254	-0.0	0.3418
968.0	0.017	-0.0	0.339
969.0	0.0184	-0.0	0.3395
970.0	0.0301	-0.0	0.3434
971.0	0.0321	-0.0	0.344
972.0	0.0409	-0.0	0.347
973.0	0.0246	-0.0	0.3415
974.0	0.0211	0.0	0.3404
975.0	0.0241	-0.0	0.3414
976.0	0.0275	-0.0	0.3425
977.0	0.0452	-0.0	0.3484
978.0	0.0134	0.0	0.3378
979.0	0.0186	-0.0	0.3395
980.0	0.0303	-0.0	0.3434
981.0	0.0435	-0.0	0.3478
982.0	0.0398	-0.0	0.3466
983.0	0.0151	-0.0	0.3384
984.0	0.027	-0.0	0.3423
985.0	0.0211	0.0	0.3404
986.0	0.0234	0.0	0.3411
987.0	0.026	-0.0	0.342
988.0	0.033	-0.0	0.3443
989.0	0.0358	-0.0	0.3453
990.0	0.0355	0.0	0.3452
991.0	0.0271	-0.0	0.3424
992.0	0.0246	0.0	0.3415
993.0	0.0316	-0.0	0.3439
994.0	0.0246	-0.0	0.3415
995.0	0.0378	-0.0	0.3459
996.0	0.0276	-0.0	0.3425
997.0	0.0331	-0.0	0.3444
998.0	0.0208	-0.0	0.3403
999.0	0.0254	-0.0	0.3418
1000.0	0.0395	0.0	0.3465
