1.0	0.0683	-0.0	0.3561
2.0	0.022	0.0	0.3407
3.0	0.0703	-0.0	0.3568
4.0	0.0493	-0.0	0.3498
5.0	0.0439	0.0	0.348
6.0	0.0379	-0.0	0.346
7.0	0.0539	-0.0	0.3513
8.0	0.0314	-0.0	0.3438
9.0	0.0379	-0.0	0.346
10.0	0.0462	-0.0	0.3487
11.0	0.0294	-0.0	0.3431
12.0	0.0344	-0.0	0.3448
13.0	0.0836	-0.0	0.3612
14.0	0.0296	-0.0	0.3432
15.0	0.0634	-0.0	0.3545
16.0	0.0848	-0.0	0.3616
17.0	0.0305	-0.0	0.3435
18.0	0.0449	-0.0	0.3483
19.0	0.0469	0.0	0.349
20.0	0.033	-0.0	0.3443
21.0	0.057	-0.0	0.3523
22.0	0.0447	0.0	0.3482
23.0	0.0649	-0.0	0.355
24.0	0.0215	-0.0	0.3405
25.0	0.0506	-0.0	0.3502
26.0	0.0661	-0.0	0.3554
27.0	0.0366	-0.0	0.3455
28.0	0.0693	-0.0	0.3564
29.0	0.0493	-0.0	0.3498
30.0	0.0575	-0.0	0.3525
31.0	0.0455	-0.0	0.3485
32.0	0.0409	-0.0	0.347
33.0	0.041	0.0	0.347
34.0	0.0393	-0.0	0.3464
35.0	0.0226	-0.0	0.3409
36.0	0.032	0.0	0.344
37.0	0.0583	-0.0	0.3528
38.0	0.0814	-0.0	0.3605
39.0	0.0799	-0.0	0.36
40.0	0.0474	-0.0	0.3491
41.0	0.0907	-0.0	0.3636
42.0	0.0933	-0.0	0.3644
43.0	0.0554	-0.0	0.3518
44.0	0.0548	-0.0	0.3516
45.0	0.0339	-0.0	0.3446
46.0	0.0379	-0.0	0.346
47.0	0.054	-0.0	0.3513
48.0	0.0552	-0.0	0.3517
49.0	0.0502	-0.0	0.3501
50.0	0.0478	-0.0	0.3493
51.0	0.0427	-0.0	0.3476
52.0	0.083	-0.0	0.361
53.0	0.06	-0.0	0.3533
54.0	0.0481	-0.0	0.3494
55.0	0.0438	-0.0	0.3479
56.0	0.0794	-0.0	0.3598
57.0	0.0445	-0.0	0.3482
58.0	0.0867	-0.0	0.3622
59.0	0.0552	-0.0	0.3517
60.0	0.0699	-0.0	0.3566
61.0	0.0624	-0.0	0.3541
62.0	0.0374	-0.0	0.3458
63.0	0.0297	-0.0	0.3432
64.0	0.0739	-0.0	0.358
65.0	0.0635	-0.0	0.3545
66.0	0.0565	-0.0	0.3522
67.0	0.0373	-0.0	0.3458
68.0	0.0539	-0.0	0.3513
69.0	0.0455	-0.0	0.3485
70.0	0.0297	-0.0	0.3432
71.0	0.061	-0.0	0.3537
72.0	0.0293	-0.0	0.3431
73.0	0.0458	-0.0	0.3486
74.0	0.0471	0.0	0.349
75.0	0.0579	-0.0	0.3526
76.0	0.0498	-0.0	0.3499
77.0	0.0505	-0.0	0.3502
78.0	0.0665	-0.0	0.3555
79.0	0.0237	-0.0	0.3412
80.0	0.0425	-0.0	0.3475
81.0	0.0439	0.0	0.348
82.0	0.0363	-0.0	0.3454
83.0	0.0409	0.0	0.347
84.0	0.0391	-0.0	0.3464
85.0	0.0554	-0.0	0.3518
86.0	0.0227	-0.0	0.3409
87.0	0.0334	-0.0	0.3445
88.0	0.041	-0.0	0.347
89.0	0.031	0.0	0.3437
90.0	0.0504	0.0	0.3501
91.0	0.0366	-0.0	0.3455
92.0	0.0585	-0.0	0.3528
93.0	0.0509	-0.0	0.3503
94.0	0.0427	-0.0	0.3476
95.0	0.0262	-0.0	0.3421
96.0	0.0466	-0.0	0.3489
97.0	0.0426	0.0	0.3475
98.0	0.0284	-0.0	0.3428
99.0	0.0358	0.0	0.3453
100.0	0.0445	-0.0	0.3482
101.0	0.0464	-0.0	0.3488
102.0	0.0597	-0.0	0.3532
103.0	0.0652	0.0	0.3551
104.0	0.0391	0.0	0.3464
105.0	0.0652	-0.0	0.3551
106.0	0.0768	-0.0	0.3589
107.0	0.0318	-0.0	0.3439
108.0	0.0512	-0.0	0.3504
109.0	0.0438	0.0	0.3479
110.0	0.055	-0.0	0.3517
111.0	0.0346	-0.0	0.3449
112.0	0.0424	-0.0	0.3475
113.0	0.0577	-0.0	0.3526
114.0	0.0642	-0.0	0.3547
115.0	0.038	-0.0	0.346
116.0	0.0369	-0.0	0.3456
117.0	0.0575	-0.0	0.3525
118.0	0.0258	-0.0	0.3419
119.0	0.052	0.0	0.3507
120.0	0.038	-0.0	0.346
121.0	0.0479	-0.0	0.3493
122.0	0.0787	-0.0	0.3596
123.0	0.0328	-0.0	0.3443
124.0	0.0361	-0.0	0.3454
125.0	0.0484	-0.0	0.3495
126.0	0.0559	-0.0	0.352
127.0	0.039	0.0	0.3463
128.0	0.0581	-0.0	0.3527
129.0	0.0508	-0.0	0.3503
130.0	0.0479	-0.0	0.3493
131.0	0.0494	-0.0	0.3498
132.0	0.059	-0.0	0.353
133.0	0.0552	-0.0	0.3517
134.0	0.039	0.0	0.3463
135.0	0.0324	-0.0	0.3441
136.0	0.0436	-0.0	0.3479
137.0	0.0596	-0.0	0.3532
138.0	0.0545	-0.0	0.3515
139.0	0.0377	0.0	0.3459
140.0	0.0612	-0.0	0.3537
141.0	0.0289	-0.0	0.343
142.0	0.0386	-0.0	0.3462
143.0	0.0681	-0.0	0.356
144.0	0.0476	-0.0	0.3492
145.0	0.0289	-0.0	0.343
146.0	0.0454	-0.0	0.3485
147.0	0.0645	-0.0	0.3548
148.0	0.0514	-0.0	0.3505
149.0	0.0691	-0.0	0.3564
150.0	0.0166	-0.0	0.3389
151.0	0.0748	-0.0	0.3583
152.0	0.0728	-0.0	0.3576
153.0	0.0491	-0.0	0.3497
154.0	0.1009	-0.0	0.367
155.0	0.0335	-0.0	0.3445
156.0	0.0365	0.0	0.3455
157.0	0.0504	-0.0	0.3501
158.0	0.0395	-0.0	0.3465
159.0	0.0508	-0.0	0.3503
160.0	0.0621	-0.0	0.354
161.0	0.0643	-0.0	0.3548
162.0	0.0369	-0.0	0.3456
163.0	0.0326	-0.0	0.3442
164.0	0.0646	-0.0	0.3549
165.0	0.0502	-0.0	0.3501
166.0	0.0175	-0.0	0.3392
167.0	0.0719	-0.0	0.3573
168.0	0.0569	-0.0	0.3523
169.0	0.0473	-0.0	0.3491
170.0	0.0482	-0.0	0.3494
171.0	0.0631	-0.0	0.3544
172.0	0.0361	-0.0	0.3454
173.0	0.0398	-0.0	0.3466
174.0	0.028	-0.0	0.3427
175.0	0.0642	-0.0	0.3547
176.0	0.0268	-0.0	0.3423
177.0	0.0625	-0.0	0.3542
178.0	0.0275	-0.0	0.3425
179.0	0.0579	-0.0	0.3526
180.0	0.0392	0.0	0.3464
181.0	0.0491	0.0	0.3497
182.0	0.0353	-0.0	0.3451
183.0	0.0179	-0.0	0.3393
184.0	0.0425	-0.0	0.3475
185.0	0.0664	-0.0	0.3555
186.0	0.0516	-0.0	0.3505
187.0	0.0397	-0.0	0.3466
188.0	0.0664	0.0	0.3555
189.0	0.055	-0.0	0.3517
190.0	0.0543	-0.0	0.3514
191.0	0.0528	0.0	0.3509
192.0	0.0503	-0.0	0.3501
193.0	0.0464	-0.0	0.3488
194.0	0.0581	-0.0	0.3527
195.0	0.0402	-0.0	0.3467
196.0	0.0218	-0.0	0.3406
197.0	0.0736	-0.0	0.3579
198.0	0.0467	-0.0	0.3489
199.0	0.0847	-0.0	0.3616
200.0	0.0616	-0.0	0.3539
201.0	0.0265	-0.0	0.3422
202.0	0.0288	-0.0	0.3429
203.0	0.0522	-0.0	0.3507
204.0	0.0408	-0.0	0.3469
205.0	0.0205	-0.0	0.3402
206.0	0.0657	-0.0	0.3552
207.0	0.0562	-0.0	0.3521
208.0	0.0437	-0.0	0.3479
209.0	0.0428	-0.0	0.3476
210.0	0.0878	-0.0	0.3626
211.0	0.0578	-0.0	0.3526
212.0	0.0335	-0.0	0.3445
213.0	0.0482	-0.0	0.3494
214.0	0.0821	-0.0	0.3607
215.0	0.0229	0.0	0.341
216.0	0.0344	0.0	0.3448
217.0	0.0407	-0.0	0.3469
218.0	0.0382	-0.0	0.3461
219.0	0.0597	-0.0	0.3532
220.0	0.0653	-0.0	0.3551
221.0	0.0636	-0.0	0.3545
222.0	0.0676	-0.0	0.3559
223.0	0.0457	-0.0	0.3486
224.0	0.0659	-0.0	0.3553
225.0	0.0342	-0.0	0.3447
226.0	0.0422	0.0	0.3474
227.0	0.0509	-0.0	0.3503
228.0	0.0747	-0.0	0.3582
229.0	0.0481	-0.0	0.3494
230.0	0.0452	-0.0	0.3484
231.0	0.0543	-0.0	0.3514
232.0	0.0545	-0.0	0.3515
233.0	0.0565	-0.0	0.3522
234.0	0.0496	-0.0	0.3499
235.0	0.0357	-0.0	0.3452
236.0	0.0616	-0.0	0.3539
237.0	0.0464	0.0	0.3488
238.0	0.0665	-0.0	0.3555
239.0	0.0401	-0.0	0.3467
240.0	0.0374	-0.0	0.3458
241.0	0.025	-0.0	0.3417
242.0	0.0305	-0.0	0.3435
243.0	0.0392	0.0	0.3464
244.0	0.0431	-0.0	0.3477
245.0	0.0325	-0.0	0.3442
246.0	0.0545	-0.0	0.3515
247.0	0.0546	-0.0	0.3515
248.0	0.0718	-0.0	0.3573
249.0	0.0185	-0.0	0.3395
250.0	0.0419	-0.0	0.3473
251.0	0.0523	-0.0	0.3508
252.0	0.0479	-0.0	0.3493
253.0	0.0247	0.0	0.3416
254.0	0.029	-0.0	0.343
255.0	0.0792	-0.0	0.3597
256.0	0.0334	-0.0	0.3445
257.0	0.0317	-0.0	0.3439
258.0	0.0327	-0.0	0.3442
259.0	0.0435	-0.0	0.3478
260.0	0.0596	-0.0	0.3532
261.0	0.0515	-0.0	0.3505
262.0	0.0263	0.0	0.3421
263.0	0.0637	-0.0	0.3546
264.0	0.0703	-0.0	0.3568
265.0	0.0758	-0.0	0.3586
266.0	0.0681	-0.0	0.356
267.0	0.0496	-0.0	0.3499
268.0	0.0236	-0.0	0.3412
269.0	0.0503	-0.0	0.3501
270.0	0.045	-0.0	0.3483
271.0	0.051	-0.0	0.3503
272.0	0.0585	-0.0	0.3528
273.0	0.0381	-0.0	0.346
274.0	0.0422	-0.0	0.3474
275.0	0.0665	-0.0	0.3555
276.0	0.0641	-0.0	0.3547
277.0	0.048	-0.0	0.3493
278.0	0.0635	-0.0	0.3545
279.0	0.02	-0.0	0.34
280.0	0.0463	0.0	0.3488
281.0	0.0504	-0.0	0.3501
282.0	0.0438	-0.0	0.3479
283.0	0.0349	0.0	0.345
284.0	0.0191	-0.0	0.3397
285.0	0.042	0.0	0.3473
286.0	0.0758	-0.0	0.3586
287.0	0.0474	-0.0	0.3491
288.0	0.0434	-0.0	0.3478
289.0	0.073	-0.0	0.3577
290.0	0.056	-0.0	0.352
291.0	0.0492	-0.0	0.3497
292.0	0.0401	-0.0	0.3467
293.0	0.039	-0.0	0.3463
294.0	0.035	-0.0	0.345
295.0	0.0626	-0.0	0.3542
296.0	0.0425	-0.0	0.3475
297.0	0.0699	-0.0	0.3566
298.0	0.0527	-0.0	0.3509
299.0	0.0447	-0.0	0.3482
300.0	0.0387	0.0	0.3462
301.0	0.0659	-0.0	0.3553
302.0	0.0602	0.0	0.3534
303.0	0.0522	-0.0	0.3507
304.0	0.0495	-0.0	0.3498
305.0	0.0652	-0.0	0.3551
306.0	0.0314	-0.0	0.3438
307.0	0.0619	-0.0	0.354
308.0	0.0911	-0.0	0.3637
309.0	0.0598	-0.0	0.3533
310.0	0.0345	-0.0	0.3448
311.0	0.0546	-0.0	0.3515
312.0	0.0412	0.0	0.3471
313.0	0.0566	-0.0	0.3522
314.0	0.0287	0.0	0.3429
315.0	0.0376	-0.0	0.3459
316.0	0.043	-0.0	0.3477
317.0	0.0712	-0.0	0.3571
318.0	0.0488	-0.0	0.3496
319.0	0.0508	-0.0	0.3503
320.0	0.0436	-0.0	0.3479
321.0	0.0416	0.0	0.3472
322.0	0.0383	-0.0	0.3461
323.0	0.0304	-0.0	0.3435
324.0	0.0512	-0.0	0.3504
325.0	0.0344	-0.0	0.3448
326.0	0.0393	-0.0	0.3464
327.0	0.0537	-0.0	0.3512
328.0	0.0399	-0.0	0.3466
329.0	0.0404	-0.0	0.3468
330.0	0.0269	-0.0	0.3423
331.0	0.0434	0.0	0.3478
332.0	0.0398	-0.0	0.3466
333.0	0.0398	-0.0	0.3466
334.0	0.042	-0.0	0.3473
335.0	0.0528	-0.0	0.3509
336.0	0.0325	-0.0	0.3442
337.0	0.0776	-0.0	0.3592
338.0	0.0518	-0.0	0.3506
339.0	0.0328	0.0	0.3443
340.0	0.0404	-0.0	0.3468
341.0	0.0551	-0.0	0.3517
342.0	0.0242	-0.0	0.3414
343.0	0.0242	-0.0	0.3414
344.0	0.0353	-0.0	0.3451
345.0	0.0705	-0.0	0.3568
346.0	0.0289	-0.0	0.343
347.0	0.0527	-0.0	0.3509
348.0	0.0662	-0.0	0.3554
349.0	0.0424	-0.0	0.3475
350.0	0.0738	-0.0	0.3579
351.0	0.0491	-0.0	0.3497
352.0	0.0478	-0.0	0.3493
353.0	0.0338	-0.0	0.3446
354.0	0.0481	-0.0	0.3494
355.0	0.0699	-0.0	0.3566
356.0	0.0549	-0.0	0.3516
357.0	0.0388	-0.0	0.3463
358.0	0.039	-0.0	0.3463
359.0	0.0535	-0.0	0.3512
360.0	0.0725	-0.0	0.3575
361.0	0.0527	-0.0	0.3509
362.0	0.0608	-0.0	0.3536
363.0	0.0352	-0.0	0.3451
364.0	0.029	-0.0	0.343
365.0	0.054	-0.0	0.3513
366.0	0.0622	-0.0	0.3541
367.0	0.0449	-0.0	0.3483
368.0	0.0415	-0.0	0.3472
369.0	0.0297	-0.0	0.3432
370.0	0.0575	-0.0	0.3525
371.0	0.0538	-0.0	0.3513
372.0	0.0275	0.0	0.3425
373.0	0.0354	-0.0	0.3451
374.0	0.0333	0.0	0.3444
375.0	0.0712	-0.0	0.3571
376.0	0.0331	-0.0	0.3444
377.0	0.0527	-0.0	0.3509
378.0	0.0392	-0.0	0.3464
379.0	0.0659	-0.0	0.3553
380.0	0.0507	-0.0	0.3502
381.0	0.0193	-0.0	0.3398
382.0	0.0701	-0.0	0.3567
383.0	0.0555	-0.0	0.3518
384.0	0.0391	0.0	0.3464
385.0	0.0494	-0.0	0.3498
386.0	0.0808	-0.0	0.3603
387.0	0.0739	-0.0	0.358
388.0	0.0955	-0.0	0.3652
389.0	0.0672	-0.0	0.3557
390.0	0.0464	-0.0	0.3488
391.0	0.0423	-0.0	0.3474
392.0	0.0362	-0.0	0.3454
393.0	0.0502	0.0	0.3501
394.0	0.0415	-0.0	0.3472
395.0	0.0572	-0.0	0.3524
396.0	0.0595	-0.0	0.3532
397.0	0.0372	-0.0	0.3457
398.0	0.04	-0.0	0.3467
399.0	0.0582	-0.0	0.3527
400.0	0.0517	-0.0	0.3506
401.0	0.0768	-0.0	0.3589
402.0	0.0854	-0.0	0.3618
403.0	0.0774	-0.0	0.3591
404.0	0.0221	-0.0	0.3407
405.0	0.065	-0.0	0.355
406.0	0.0549	-0.0	0.3516
407.0	0.0816	-0.0	0.3605
408.0	0.0818	-0.0	0.3606
409.0	0.0485	-0.0	0.3495
410.0	0.025	-0.0	0.3417
411.0	0.0447	0.0	0.3482
412.0	0.03	-0.0	0.3433
413.0	0.0391	-0.0	0.3464
414.0	0.0403	-0.0	0.3468
415.0	0.0689	-0.0	0.3563
416.0	0.0571	-0.0	0.3524
417.0	0.0315	-0.0	0.3438
418.0	0.0576	0.0	0.3525
419.0	0.0522	-0.0	0.3507
420.0	0.0399	-0.0	0.3466
421.0	0.0446	-0.0	0.3482
422.0	0.05	-0.0	0.35
423.0	0.019	-0.0	0.3397
424.0	0.0451	-0.0	0.3484
425.0	0.0613	-0.0	0.3538
426.0	0.0508	-0.0	0.3503
427.0	0.0452	-0.0	0.3484
428.0	0.067	-0.0	0.3557
429.0	0.0388	0.0	0.3463
430.0	0.094	-0.0	0.3647
431.0	0.0639	-0.0	0.3546
432.0	0.0497	-0.0	0.3499
433.0	0.0527	-0.0	0.3509
434.0	0.0545	-0.0	0.3515
435.0	0.0478	-0.0	0.3493
436.0	0.0543	-0.0	0.3514
437.0	0.0447	-0.0	0.3482
438.0	0.0531	-0.0	0.351
439.0	0.0352	-0.0	0.3451
440.0	0.0609	-0.0	0.3536
441.0	0.0435	0.0	0.3478
442.0	0.0565	-0.0	0.3522
443.0	0.0259	0.0	0.342
444.0	0.0521	-0.0	0.3507
445.0	0.0492	0.0	0.3497
446.0	0.0667	-0.0	0.3556
447.0	0.0577	-0.0	0.3526
448.0	0.0391	-0.0	0.3464
449.0	0.0774	-0.0	0.3591
450.0	0.0546	-0.0	0.3515
451.0	0.0612	-0.0	0.3537
452.0	0.0254	-0.0	0.3418
453.0	0.0195	0.0	0.3398
454.0	0.0287	-0.0	0.3429
455.0	0.0602	-0.0	0.3534
456.0	0.0531	-0.0	0.351
457.0	0.0482	-0.0	0.3494
458.0	0.0344	-0.0	0.3448
459.0	0.0536	-0.0	0.3512
460.0	0.0371	0.0	0.3457
461.0	0.047	-0.0	0.349
462.0	0.0594	-0.0	0.3531
463.0	0.0633	-0.0	0.3544
464.0	0.0602	0.0	0.3534
465.0	0.0206	0.0	0.3402
466.0	0.0589	-0.0	0.353
467.0	0.0346	0.0	0.3449
468.0	0.0362	0.0	0.3454
469.0	0.0399	-0.0	0.3466
470.0	0.0568	-0.0	0.3523
471.0	0.0546	-0.0	0.3515
472.0	0.0714	-0.0	0.3571
473.0	0.038	-0.0	0.346
474.0	0.053	-0.0	0.351
475.0	0.0349	-0.0	0.345
476.0	0.0537	-0.0	0.3512
477.0	0.0208	-0.0	0.3403
478.0	0.0473	-0.0	0.3491
479.0	0.0405	-0.0	0.3468
480.0	0.0503	-0.0	0.3501
481.0	0.0593	-0.0	0.3531
482.0	0.0539	-0.0	0.3513
483.0	0.0471	-0.0	0.349
484.0	0.0612	-0.0	0.3537
485.0	0.0338	-0.0	0.3446
486.0	0.0394	-0.0	0.3465
487.0	0.0546	-0.0	0.3515
488.0	0.0324	-0.0	0.3441
489.0	0.0669	-0.0	0.3556
490.0	0.068	-0.0	0.356
491.0	0.0467	-0.0	0.3489
492.0	0.046	0.0	0.3487
493.0	0.0345	-0.0	0.3448
494.0	0.0379	-0.0	0.346
495.0	0.0943	-0.0	0.3648
496.0	0.0424	-0.0	0.3475
497.0	0.0758	-0.0	0.3586
498.0	0.024	-0.0	0.3413
499.0	0.0283	-0.0	0.3428
500.0	0.0645	-0.0	0.3548
501.0	0.0386	-0.0	0.3462
502.0	0.0316	0.0	0.3439
503.0	0.0443	-0.0	0.3481
504.0	0.0492	-0.0	0.3497
505.0	0.0508	-0.0	0.3503
506.0	0.0667	-0.0	0.3556
507.0	0.0252	-0.0	0.3417
508.0	0.0383	-0.0	0.3461
509.0	0.0581	-0.0	0.3527
510.0	0.0682	-0.0	0.3561
511.0	0.0381	-0.0	0.346
512.0	0.089	-0.0	0.363
513.0	0.0244	-0.0	0.3415
514.0	0.0548	-0.0	0.3516
515.0	0.0649	-0.0	0.355
516.0	0.0604	-0.0	0.3535
517.0	0.0342	-0.0	0.3447
518.0	0.0454	-0.0	0.3485
519.0	0.0397	-0.0	0.3466
520.0	0.0472	-0.0	0.3491
521.0	0.0476	-0.0	0.3492
522.0	0.0388	-0.0	0.3463
523.0	0.0498	-0.0	0.3499
524.0	0.053	-0.0	0.351
525.0	0.057	-0.0	0.3523
526.0	0.0523	-0.0	0.3508
527.0	0.0438	0.0	0.3479
528.0	0.0661	-0.0	0.3554
529.0	0.0477	-0.0	0.3492
530.0	0.0496	0.0	0.3499
531.0	0.0293	-0.0	0.3431
532.0	0.0486	-0.0	0.3495
533.0	0.0687	-0.0	0.3562
534.0	0.0108	-0.0	0.3369
535.0	0.0367	-0.0	0.3456
536.0	0.0595	-0.0	0.3532
537.0	0.0451	-0.0	0.3484
538.0	0.0508	-0.0	0.3503
539.0	0.0653	-0.0	0.3551
540.0	0.0418	-0.0	0.3473
541.0	0.0458	-0.0	0.3486
542.0	0.058	-0.0	0.3527
543.0	0.0771	-0.0	0.359
544.0	0.0811	-0.0	0.3604
545.0	0.0433	-0.0	0.3478
546.0	0.067	-0.0	0.3557
547.0	0.0627	-0.0	0.3542
548.0	0.0178	0.0	0.3393
549.0	0.0529	-0.0	0.351
550.0	0.0491	-0.0	0.3497
551.0	0.0553	-0.0	0.3518
552.0	0.0303	-0.0	0.3434
553.0	0.0339	0.0	0.3446
554.0	0.0795	-0.0	0.3598
555.0	0.0698	-0.0	0.3566
556.0	0.0256	-0.0	0.3419
557.0	0.0378	-0.0	0.3459
558.0	0.0162	-0.0	0.3387
559.0	0.0485	-0.0	0.3495
560.0	0.0534	-0.0	0.3511
561.0	0.0483	-0.0	0.3494
562.0	0.0317	0.0	0.3439
563.0	0.0264	-0.0	0.3421
564.0	0.0657	-0.0	0.3552
565.0	0.035	-0.0	0.345
566.0	0.0657	-0.0	0.3552
567.0	0.0701	-0.0	0.3567
568.0	0.0473	-0.0	0.3491
569.0	0.0648	-0.0	0.3549
570.0	0.0469	-0.0	0.349
571.0	0.0971	-0.0	0.3657
572.0	0.0455	-0.0	0.3485
573.0	0.0344	0.0	0.3448
574.0	0.0596	-0.0	0.3532
575.0	0.0317	-0.0	0.3439
576.0	0.0419	-0.0	0.3473
577.0	0.0581	0.0	0.3527
578.0	0.0465	-0.0	0.3488
579.0	0.0216	-0.0	0.3405
580.0	0.0376	-0.0	0.3459
581.0	0.0541	-0.0	0.3514
582.0	0.0903	-0.0	0.3634
583.0	0.0429	0.0	0.3476
584.0	0.042	-0.0	0.3473
585.0	0.0463	-0.0	0.3488
586.0	0.0503	-0.0	0.3501
587.0	0.0377	-0.0	0.3459
588.0	0.0353	-0.0	0.3451
589.0	0.0723	-0.0	0.3574
590.0	0.0477	-0.0	0.3492
591.0	0.0488	-0.0	0.3496
592.0	0.0815	-0.0	0.3605
593.0	0.0372	-0.0	0.3457
594.0	0.0326	0.0	0.3442
595.0	0.0491	0.0	0.3497
596.0	0.0618	-0.0	0.3539
597.0	0.0401	-0.0	0.3467
598.0	0.0635	-0.0	0.3545
599.0	0.0582	-0.0	0.3527
600.0	0.0417	-0.0	0.3472
601.0	0.0571	-0.0	0.3524
602.0	0.0782	-0.0	0.3594
603.0	0.0529	-0.0	0.351
604.0	0.0427	-0.0	0.3476
605.0	0.0529	-0.0	0.351
606.0	0.0722	-0.0	0.3574
607.0	0.0403	-0.0	0.3468
608.0	0.0282	0.0	0.3427
609.0	0.0328	-0.0	0.3443
610.0	0.0441	-0.0	0.348
611.0	0.0685	-0.0	0.3562
612.0	0.0577	-0.0	0.3526
613.0	0.0536	-0.0	0.3512
614.0	0.0816	-0.0	0.3605
615.0	0.0633	-0.0	0.3544
616.0	0.0473	-0.0	0.3491
617.0	0.0675	-0.0	0.3558
618.0	0.0629	-0.0	0.3543
619.0	0.0548	-0.0	0.3516
620.0	0.039	-0.0	0.3463
621.0	0.0566	-0.0	0.3522
622.0	0.057	-0.0	0.3523
623.0	0.0489	-0.0	0.3496
624.0	0.0432	-0.0	0.3477
625.0	0.0607	-0.0	0.3536
626.0	0.0228	-0.0	0.3409
627.0	0.057	-0.0	0.3523
628.0	0.0461	-0.0	0.3487
629.0	0.0422	-0.0	0.3474
630.0	0.0455	-0.0	0.3485
631.0	0.0497	-0.0	0.3499
632.0	0.0437	0.0	0.3479
633.0	0.0474	-0.0	0.3491
634.0	0.0321	-0.0	0.344
635.0	0.0319	-0.0	0.344
636.0	0.0504	-0.0	0.3501
637.0	0.0469	-0.0	0.349
638.0	0.0736	-0.0	0.3579
639.0	0.0306	-0.0	0.3435
640.0	0.0428	0.0	0.3476
641.0	0.0414	-0.0	0.3471
642.0	0.0338	0.0	0.3446
643.0	0.0634	-0.0	0.3545
644.0	0.0534	-0.0	0.3511
645.0	0.0594	-0.0	0.3531
646.0	0.0474	-0.0	0.3491
647.0	0.0764	-0.0	0.3588
648.0	0.0348	-0.0	0.3449
649.0	0.0376	-0.0	0.3459
650.0	0.0239	-0.0	0.3413
651.0	0.0546	-0.0	0.3515
652.0	0.0492	-0.0	0.3497
653.0	0.034	-0.0	0.3447
654.0	0.054	-0.0	0.3513
655.0	0.0738	-0.0	0.3579
656.0	0.0589	-0.0	0.353
657.0	0.0215	-0.0	0.3405
658.0	0.0454	-0.0	0.3485
659.0	0.0467	-0.0	0.3489
660.0	0.0125	0.0	0.3375
661.0	0.0501	-0.0	0.35
662.0	0.0602	-0.0	0.3534
663.0	0.0412	-0.0	0.3471
664.0	0.0721	-0.0	0.3574
665.0	0.0432	-0.0	0.3477
666.0	0.0499	-0.0	0.35
667.0	0.0652	-0.0	0.3551
668.0	0.0482	0.0	0.3494
669.0	0.0543	-0.0	0.3514
670.0	0.0448	-0.0	0.3483
671.0	0.0675	-0.0	0.3558
672.0	0.0483	0.0	0.3494
673.0	0.0529	-0.0	0.351
674.0	0.0351	-0.0	0.345
675.0	0.0551	-0.0	0.3517
676.0	0.055	-0.0	0.3517
677.0	0.0572	-0.0	0.3524
678.0	0.038	-0.0	0.346
679.0	0.0559	-0.0	0.352
680.0	0.0684	0.0	0.3561
681.0	0.0511	-0.0	0.3504
682.0	0.0473	-0.0	0.3491
683.0	0.0246	-0.0	0.3415
684.0	0.058	-0.0	0.3527
685.0	0.0533	-0.0	0.3511
686.0	0.0356	-0.0	0.3452
687.0	0.0416	-0.0	0.3472
688.0	0.0556	-0.0	0.3519
689.0	0.0529	-0.0	0.351
690.0	0.0329	-0.0	0.3443
691.0	0.0796	-0.0	0.3599
692.0	0.0381	-0.0	0.346
693.0	0.0378	-0.0	0.3459
694.0	0.0325	-0.0	0.3442
695.0	0.0466	-0.0	0.3489
696.0	0.0454	-0.0	0.3485
697.0	0.0487	-0.0	0.3496
698.0	0.042	-0.0	0.3473
699.0	0.0567	-0.0	0.3522
700.0	0.0605	-0.0	0.3535
701.0	0.0405	-0.0	0.3468
702.0	0.0338	-0.0	0.3446
703.0	0.0539	-0.0	0.3513
704.0	0.0337	-0.0	0.3446
705.0	0.0223	-0.0	0.3408
706.0	0.016	0.0	0.3387
707.0	0.0407	-0.0	0.3469
708.0	0.0375	-0.0	0.3458
709.0	0.0263	-0.0	0.3421
710.0	0.0439	-0.0	0.348
711.0	0.052	-0.0	0.3507
712.0	0.0261	-0.0	0.342
713.0	0.0491	-0.0	0.3497
714.0	0.0695	-0.0	0.3565
715.0	0.0546	-0.0	0.3515
716.0	0.047	-0.0	0.349
717.0	0.0391	-0.0	0.3464
718.0	0.0448	-0.0	0.3483
719.0	0.0476	-0.0	0.3492
720.0	0.0586	-0.0	0.3529
721.0	0.0444	-0.0	0.3481
722.0	0.0383	-0.0	0.3461
723.0	0.0486	-0.0	0.3495
724.0	0.0723	-0.0	0.3574
725.0	0.0536	-0.0	0.3512
726.0	0.0459	-0.0	0.3486
727.0	0.0148	0.0	0.3383
728.0	0.0614	0.0	0.3538
729.0	0.0444	-0.0	0.3481
730.0	0.0696	-0.0	0.3565
731.0	0.0634	-0.0	0.3545
732.0	0.0736	-0.0	0.3579
733.0	0.0353	-0.0	0.3451
734.0	0.0549	-0.0	0.3516
735.0	0.0432	-0.0	0.3477
736.0	0.0511	-0.0	0.3504
737.0	0.0524	-0.0	0.3508
738.0	0.0211	-0.0	0.3404
739.0	0.0812	-0.0	0.3604
740.0	0.044	-0.0	0.348
741.0	0.0427	-0.0	0.3476
742.0	0.0466	-0.0	0.3489
743.0	0.0316	-0.0	0.3439
744.0	0.0453	-0.0	0.3484
745.0	0.0374	-0.0	0.3458
746.0	0.0394	-0.0	0.3465
747.0	0.0407	-0.0	0.3469
748.0	0.0455	-0.0	0.3485
749.0	0.0634	-0.0	0.3545
750.0	0.0433	-0.0	0.3478
751.0	0.0601	-0.0	0.3534
752.0	0.0514	0.0	0.3505
753.0	0.0561	0.0	0.352
754.0	0.0393	-0.0	0.3464
755.0	0.0193	-0.0	0.3398
756.0	0.073	-0.0	0.3577
757.0	0.0926	-0.0	0.3642
758.0	0.0387	0.0	0.3462
759.0	0.0468	-0.0	0.3489
760.0	0.0313	-0.0	0.3438
761.0	0.0396	-0.0	0.3465
762.0	0.0403	-0.0	0.3468
763.0	0.0288	0.0	0.3429
764.0	0.0728	-0.0	0.3576
765.0	0.0505	-0.0	0.3502
766.0	0.0581	-0.0	0.3527
767.0	0.0402	-0.0	0.3467
768.0	0.0508	-0.0	0.3503
769.0	0.0647	-0.0	0.3549
770.0	0.0473	-0.0	0.3491
771.0	0.0336	0.0	0.3445
772.0	0.0492	-0.0	0.3497
773.0	0.0753	-0.0	0.3584
774.0	0.0279	-0.0	0.3426
775.0	0.0336	-0.0	0.3445
776.0	0.0606	-0.0	0.3535
777.0	0.0496	-0.0	0.3499
778.0	0.0474	-0.0	0.3491
779.0	0.0596	-0.0	0.3532
780.0	0.0346	-0.0	0.3449
781.0	0.0624	-0.0	0.3541
782.0	0.0487	-0.0	0.3496
783.0	0.0615	-0.0	0.3538
784.0	0.0946	-0.0	0.3649
785.0	0.0409	-0.0	0.347
786.0	0.0448	-0.0	0.3483
787.0	0.0656	-0.0	0.3552
788.0	0.0331	-0.0	0.3444
789.0	0.0394	-0.0	0.3465
790.0	0.0646	-0.0	0.3549
791.0	0.0441	-0.0	0.348
792.0	0.0743	-0.0	0.3581
793.0	0.0522	-0.0	0.3507
794.0	0.0449	-0.0	0.3483
795.0	0.0529	-0.0	0.351
796.0	0.042	-0.0	0.3473
797.0	0.0495	-0.0	0.3498
798.0	0.0323	-0.0	0.3441
799.0	0.0401	-0.0	0.3467
800.0	0.0619	-0.0	0.354
801.0	0.0327	-0.0	0.3442
802.0	0.0525	-0.0	0.3508
803.0	0.0379	0.0	0.346
804.0	0.0456	-0.0	0.3485
805.0	0.0415	-0.0	0.3472
806.0	0.0411	-0.0	0.347
807.0	0.0477	-0.0	0.3492
808.0	0.0642	-0.0	0.3547
809.0	0.0456	-0.0	0.3485
810.0	0.0631	-0.0	0.3544
811.0	0.0676	-0.0	0.3559
812.0	0.0569	0.0	0.3523
813.0	0.0314	-0.0	0.3438
814.0	0.0415	-0.0	0.3472
815.0	0.057	-0.0	0.3523
816.0	0.0344	-0.0	0.3448
817.0	0.0532	-0.0	0.3511
818.0	0.0606	-0.0	0.3535
819.0	0.0666	-0.0	0.3555
820.0	0.0613	-0.0	0.3538
821.0	0.0321	-0.0	0.344
822.0	0.0536	-0.0	0.3512
823.0	0.0384	-0.0	0.3461
824.0	0.0445	-0.0	0.3482
825.0	0.0678	-0.0	0.3559
826.0	0.0576	-0.0	0.3525
827.0	0.0382	-0.0	0.3461
828.0	0.0207	-0.0	0.3402
829.0	0.0618	0.0	0.3539
830.0	0.0521	-0.0	0.3507
831.0	0.0411	0.0	0.347
832.0	0.0432	-0.0	0.3477
833.0	0.0485	-0.0	0.3495
834.0	0.033	-0.0	0.3443
835.0	0.0568	0.0	0.3523
836.0	0.0542	-0.0	0.3514
837.0	0.033	-0.0	0.3443
838.0	0.0297	-0.0	0.3432
839.0	0.0611	-0.0	0.3537
840.0	0.0328	-0.0	0.3443
841.0	0.0512	-0.0	0.3504
842.0	0.0451	-0.0	0.3484
843.0	0.062	-0.0	0.354
844.0	0.0517	-0.0	0.3506
845.0	0.0284	0.0	0.3428
846.0	0.0536	-0.0	0.3512
847.0	0.0391	-0.0	0.3464
848.0	0.0498	-0.0	0.3499
849.0	0.0754	-0.0	0.3585
850.0	0.0366	-0.0	0.3455
851.0	0.0582	-0.0	0.3527
852.0	0.0454	-0.0	0.3485
853.0	0.0587	-0.0	0.3529
854.0	0.0453	-0.0	0.3484
855.0	0.0623	-0.0	0.3541
856.0	0.0388	-0.0	0.3463
857.0	0.0377	-0.0	0.3459
858.0	0.0567	-0.0	0.3522
859.0	0.0674	-0.0	0.3558
860.0	0.0404	0.0	0.3468
861.0	0.0499	-0.0	0.35
862.0	0.0526	-0.0	0.3509
863.0	0.0298	-0.0	0.3433
864.0	0.0723	-0.0	0.3574
865.0	0.0212	-0.0	0.3404
866.0	0.0637	-0.0	0.3546
867.0	0.0542	-0.0	0.3514
868.0	0.0409	-0.0	0.347
869.0	0.0892	-0.0	0.3631
870.0	0.0527	-0.0	0.3509
871.0	0.0528	-0.0	0.3509
872.0	0.036	-0.0	0.3453
873.0	0.0501	0.0	0.35
874.0	0.0499	-0.0	0.35
875.0	0.0573	-0.0	0.3524
876.0	0.0285	-0.0	0.3428
877.0	0.0895	-0.0	0.3632
878.0	0.0523	-0.0	0.3508
879.0	0.0756	-0.0	0.3585
880.0	0.0493	-0.0	0.3498
881.0	0.0869	-0.0	0.3623
882.0	0.0922	-0.0	0.3641
883.0	0.0904	-0.0	0.3635
884.0	0.0615	-0.0	0.3538
885.0	0.052	-0.0	0.3507
886.0	0.0292	-0.0	0.3431
887.0	0.0391	-0.0	0.3464
888.0	0.0503	0.0	0.3501
889.0	0.0235	-0.0	0.3412
890.0	0.0518	-0.0	0.3506
891.0	0.0258	-0.0	0.3419
892.0	0.0578	-0.0	0.3526
893.0	0.0419	-0.0	0.3473
894.0	0.0327	-0.0	0.3442
895.0	0.0418	-0.0	0.3473
896.0	0.047	-0.0	0.349
897.0	0.0399	-0.0	0.3466
898.0	0.0478	-0.0	0.3493
899.0	0.0763	-0.0	0.3588
900.0	0.0815	-0.0	0.3605
901.0	0.0411	-0.0	0.347
902.0	0.052	-0.0	0.3507
903.0	0.0564	-0.0	0.3521
904.0	0.0304	-0.0	0.3435
905.0	0.0537	-0.0	0.3512
906.0	0.0712	-0.0	0.3571
907.0	0.0586	-0.0	0.3529
908.0	0.0481	-0.0	0.3494
909.0	0.0441	-0.0	0.348
910.0	0.036	0.0	0.3453
911.0	0.0255	-0.0	0.3418
912.0	0.066	-0.0	0.3553
913.0	0.0226	-0.0	0.3409
914.0	0.0527	-0.0	0.3509
915.0	0.0504	-0.0	0.3501
916.0	0.0523	-0.0	0.3508
917.0	0.0373	0.0	0.3458
918.0	0.0333	-0.0	0.3444
919.0	0.0431	-0.0	0.3477
920.0	0.0294	-0.0	0.3431
921.0	0.0576	-0.0	0.3525
922.0	0.074	0.0	0.358
923.0	0.0254	-0.0	0.3418
924.0	0.0808	-0.0	0.3603
925.0	0.0415	-0.0	0.3472
926.0	0.0704	-0.0	0.3568
927.0	0.0659	-0.0	0.3553
928.0	0.045	-0.0	0.3483
929.0	0.0738	-0.0	0.3579
930.0	0.0425	-0.0	0.3475
931.0	0.0257	-0.0	0.3419
932.0	0.0393	-0.0	0.3464
933.0	0.0909	-0.0	0.3636
934.0	0.0437	-0.0	0.3479
935.0	0.0475	-0.0	0.3492
936.0	0.0781	-0.0	0.3594
937.0	0.0522	-0.0	0.3507
938.0	0.0327	-0.0	0.3442
939.0	0.0744	-0.0	0.3581
940.0	0.0419	-0.0	0.3473
941.0	0.0412	-0.0	0.3471
942.0	0.037	-0.0	0.3457
943.0	0.051	0.0	0.3503
944.0	0.0234	0.0	0.3411
945.0	0.034	-0.0	0.3447
946.0	0.0487	0.0	0.3496
947.0	0.0483	-0.0	0.3494
948.0	0.0435	-0.0	0.3478
949.0	0.0429	-0.0	0.3476
950.0	0.0692	-0.0	0.3564
951.0	0.0393	0.0	0.3464
952.0	0.0368	0.0	0.3456
953.0	0.0272	-0.0	0.3424
954.0	0.0548	-0.0	0.3516
955.0	0.042	-0.0	0.3473
956.0	0.0451	-0.0	0.3484
957.0	0.0463	-0.0	0.3488
958.0	0.0664	-0.0	0.3555
959.0	0.0795	-0.0	0.3598
960.0	0.0307	-0.0	0.3436
961.0	0.0302	-0.0	0.3434
962.0	0.0266	-0.0	0.3422
963.0	0.0603	-0.0	0.3534
964.0	0.0791	-0.0	0.3597
965.0	0.0679	-0.0	0.356
966.0	0.074	-0.0	0.358
967.0	0.0632	-0.0	0.3544
968.0	0.0725	-0.0	0.3575
969.0	0.0472	-0.0	0.3491
970.0	0.0487	-0.0	0.3496
971.0	0.0373	-0.0	0.3458
972.0	0.0607	-0.0	0.3536
973.0	0.0387	-0.0	0.3462
974.0	0.0337	-0.0	0.3446
975.0	0.0541	-0.0	0.3514
976.0	0.0324	-0.0	0.3441
977.0	0.0525	-0.0	0.3508
978.0	0.0394	-0.0	0.3465
979.0	0.0518	-0.0	0.3506
980.0	0.0384	0.0	0.3461
981.0	0.0483	-0.0	0.3494
982.0	0.0477	-0.0	0.3492
983.0	0.037	0.0	0.3457
984.0	0.0559	-0.0	0.352
985.0	0.0556	-0.0	0.3519
986.0	0.0413	-0.0	0.3471
987.0	0.0621	-0.0	0.354
988.0	0.0387	-0.0	0.3462
989.0	0.0428	-0.0	0.3476
990.0	0.0404	-0.0	0.3468
991.0	0.0964	-0.0	0.3655
992.0	0.0639	-0.0	0.3546
993.0	0.0596	-0.0	0.3532
994.0	0.0382	-0.0	0.3461
995.0	0.049	-0.0	0.3497
996.0	0.0418	-0.0	0.3473
997.0	0.0705	-0.0	0.3568
998.0	0.069	-0.0	0.3563
999.0	0.0514	-0.0	0.3505
1000.0	0.0614	-0.0	0.3538
