1.0	0.4482	-0.0	0.4827
2.0	0.4157	-0.0	0.4719
3.0	0.5621	0.0	0.5207
4.0	0.3325	-0.0	0.4442
5.0	0.3719	-0.0	0.4573
6.0	0.5451	-0.0	0.515
7.0	0.3905	-0.0	0.4635
8.0	0.4732	-0.0	0.4911
9.0	0.5923	0.0	0.5308
10.0	0.4286	-0.0	0.4762
11.0	0.1649	-0.0	0.3883
12.0	0.2287	-0.0	0.4096
13.0	0.3118	0.0148	0.4372
14.0	0.6114	-0.0	0.5371
15.0	0.3029	-0.0	0.4343
16.0	0.372	-0.0	0.4573
17.0	0.2012	0.0069	0.4004
18.0	0.5713	-0.0	0.5238
19.0	0.6113	-0.0	0.5371
20.0	0.2619	-0.0	0.4206
21.0	0.5258	0.0004	0.5086
22.0	0.3738	-0.0	0.4579
23.0	0.4117	-0.0	0.4706
24.0	0.2607	0.0201	0.4202
25.0	0.3972	-0.0	0.4657
26.0	0.7464	-0.0	0.5821
27.0	0.4661	-0.0	0.4887
28.0	0.7659	0.0	0.5886
29.0	0.6328	-0.0	0.5443
30.0	0.5487	-0.0	0.5162
31.0	0.2682	-0.0	0.4227
32.0	0.4222	-0.0	0.4741
33.0	0.4584	-0.0	0.4861
34.0	0.411	-0.0	0.4703
35.0	0.3228	0.0	0.4409
36.0	0.7504	-0.0	0.5835
37.0	0.3511	-0.0	0.4504
38.0	0.3967	-0.0	0.4656
39.0	0.3952	-0.0	0.4651
40.0	0.2197	0.0171	0.4066
41.0	0.2456	-0.0	0.4152
42.0	0.4204	-0.0	0.4735
43.0	0.4624	-0.0	0.4875
44.0	0.4825	0.0	0.4942
45.0	0.4079	-0.0	0.4693
46.0	0.5151	-0.0	0.505
47.0	0.4536	-0.0	0.4845
48.0	0.4184	-0.0	0.4728
49.0	0.5298	-0.0	0.5099
50.0	0.2085	-0.0	0.4028
51.0	0.4384	-0.0	0.4795
52.0	0.4925	-0.0	0.4975
53.0	0.5288	-0.0	0.5096
54.0	0.1594	-0.0	0.3865
55.0	0.6299	0.0	0.5433
56.0	0.2181	0.0	0.406
57.0	0.3185	0.0124	0.4395
58.0	0.5303	-0.0	0.5101
59.0	0.4238	-0.0	0.4746
60.0	0.2968	0.0005	0.4323
61.0	0.5436	0.0	0.5145
62.0	0.3736	-0.0	0.4579
63.0	0.6425	-0.0	0.5475
64.0	0.3159	0.0033	0.4386
65.0	0.3668	-0.0	0.4556
66.0	0.4707	0.0	0.4902
67.0	0.5885	0.0	0.5295
68.0	0.6694	-0.0	0.5565
69.0	0.3126	-0.0	0.4375
70.0	0.364	-0.0	0.4547
71.0	0.6745	-0.0	0.5582
72.0	0.62	-0.0	0.54
73.0	0.3599	0.0	0.4533
74.0	0.4384	0.0	0.4795
75.0	0.373	0.0	0.4577
76.0	0.6812	-0.0	0.5604
77.0	0.6279	-0.0	0.5426
78.0	0.3963	0.0	0.4654
79.0	0.3116	0.0088	0.4372
80.0	0.1694	-0.0	0.3898
81.0	0.3669	0.0	0.4556
82.0	0.4573	-0.0	0.4858
83.0	0.5321	0.0156	0.5107
84.0	0.2262	-0.0	0.4087
85.0	0.4613	-0.0	0.4871
86.0	0.498	-0.0	0.4993
87.0	0.4182	0.0	0.4727
88.0	0.209	0.0827	0.3872
89.0	0.3032	-0.0	0.4344
90.0	0.5866	-0.0	0.5289
91.0	0.2886	-0.0	0.4295
92.0	0.5217	0.0	0.5072
93.0	0.5937	-0.0	0.5312
94.0	0.217	0.0	0.4057
95.0	0.4698	-0.0	0.4899
96.0	0.4096	0.0	0.4699
97.0	0.4142	0.0	0.4714
98.0	0.4711	-0.0	0.4904
99.0	0.4183	-0.0	0.4728
100.0	0.4549	-0.0	0.485
101.0	0.4857	-0.0	0.4952
102.0	0.3664	0.0002	0.4555
103.0	0.495	-0.0	0.4983
104.0	0.3487	-0.0	0.4496
105.0	0.5956	-0.0	0.5319
106.0	0.735	0.0	0.5783
107.0	0.4635	-0.0	0.4878
108.0	0.3933	0.0	0.4644
109.0	0.4956	-0.0	0.4985
110.0	0.4424	-0.0	0.4808
111.0	0.2981	-0.0	0.4327
112.0	0.5225	0.0	0.5075
113.0	0.6241	0.0	0.5414
114.0	0.3752	-0.0	0.4584
115.0	0.5326	-0.0	0.5109
116.0	0.3218	-0.0	0.4406
117.0	0.8083	0.0	0.6028
118.0	0.4586	0.0	0.4862
119.0	0.458	0.0	0.486
120.0	0.5689	0.0	0.523
121.0	0.6751	0.0	0.5584
122.0	0.7871	0.0	0.5957
123.0	0.4426	-0.0	0.4809
124.0	0.3865	-0.0	0.4622
125.0	0.3522	-0.0	0.4507
126.0	0.5557	-0.0	0.5186
127.0	0.6259	-0.0	0.542
128.0	0.4195	0.0	0.4732
129.0	0.5919	0.0	0.5306
130.0	0.7412	-0.0	0.5804
131.0	0.6283	-0.0	0.5428
132.0	0.3057	0.0019	0.4352
133.0	0.4496	-0.0	0.4832
134.0	0.4125	0.0	0.4708
135.0	0.3836	-0.0	0.4612
136.0	0.2758	-0.0	0.4253
137.0	0.5996	-0.0	0.5332
138.0	0.3671	-0.0	0.4557
139.0	0.6742	0.0	0.5581
140.0	0.5277	-0.0	0.5092
141.0	0.7171	0.0	0.5724
142.0	0.7576	0.0	0.5859
143.0	0.725	0.0	0.575
144.0	0.3786	-0.0	0.4595
145.0	0.5557	-0.0	0.5186
146.0	0.3517	-0.0	0.4506
147.0	0.5359	-0.0	0.512
148.0	0.4729	-0.0	0.491
149.0	0.42	-0.0	0.4733
150.0	0.5576	0.0	0.5192
151.0	0.3326	0.0	0.4442
152.0	0.5935	0.0	0.5312
153.0	0.5872	0.0	0.5291
154.0	0.5718	-0.0	0.5239
155.0	0.5197	-0.0	0.5066
156.0	0.4257	-0.0	0.4752
157.0	0.3016	-0.0	0.4339
158.0	0.4561	0.0031	0.4854
159.0	0.3181	-0.0	0.4394
160.0	0.4242	-0.0	0.4747
161.0	0.5505	0.0	0.5168
162.0	0.3142	0.0	0.4381
163.0	0.5976	0.0	0.5325
164.0	0.5169	0.0	0.5056
165.0	0.5146	-0.0	0.5049
166.0	0.3988	-0.0	0.4663
167.0	0.7493	0.0	0.5831
168.0	0.4936	0.0	0.4979
169.0	0.4811	-0.0	0.4937
170.0	0.3382	-0.0	0.4461
171.0	0.5522	-0.0	0.5174
172.0	0.4034	-0.0	0.4678
173.0	0.3625	0.0	0.4542
174.0	0.4077	-0.0	0.4692
175.0	0.6528	-0.0	0.5509
176.0	0.3648	-0.0	0.4549
177.0	0.4874	-0.0	0.4958
178.0	0.4116	-0.0	0.4705
179.0	0.4036	-0.0	0.4679
180.0	0.7232	0.0	0.5744
181.0	0.3592	0.0	0.4531
182.0	0.4517	0.0011	0.4839
183.0	0.5595	-0.0	0.5198
184.0	0.3781	0.0	0.4594
185.0	0.3537	0.001	0.4512
186.0	0.3652	-0.0	0.4551
187.0	0.4962	0.0	0.4987
188.0	0.4545	-0.0	0.4848
189.0	0.9467	-0.0	0.6489
190.0	0.4786	-0.0	0.4929
191.0	0.4643	-0.0	0.4881
192.0	0.3339	-0.0	0.4446
193.0	0.7046	-0.0	0.5682
194.0	0.3687	0.0	0.4562
195.0	0.4986	-0.0	0.4995
196.0	0.3195	-0.0	0.4398
197.0	0.3924	-0.0	0.4641
198.0	0.4878	0.0	0.4959
199.0	0.2188	0.0226	0.4062
200.0	0.4261	0.0	0.4754
201.0	0.5763	0.0	0.5254
202.0	0.437	-0.0	0.479
203.0	0.3155	-0.0	0.4385
204.0	0.4668	-0.0	0.4889
205.0	0.5611	0.0	0.5204
206.0	0.641	0.0	0.547
207.0	0.1892	-0.0	0.3964
208.0	0.3843	-0.0	0.4614
209.0	0.3257	-0.0	0.4419
210.0	0.2711	-0.0	0.4237
211.0	0.277	0.0	0.4257
212.0	0.3285	-0.0	0.4428
213.0	0.3935	0.0011	0.4644
214.0	0.5311	-0.0	0.5104
215.0	0.4567	-0.0	0.4856
216.0	0.2941	0.0014	0.4309
217.0	0.6001	-0.0	0.5334
218.0	0.4307	-0.0	0.4769
219.0	0.4981	0.0256	0.4994
220.0	0.7229	-0.0	0.5743
221.0	0.912	0.0	0.6373
222.0	0.575	0.0	0.525
223.0	0.5384	0.0	0.5128
224.0	0.3141	0.0022	0.438
225.0	0.4055	0.0141	0.4663
226.0	0.3966	-0.0	0.4655
227.0	0.4537	-0.0	0.4846
228.0	0.4744	0.0	0.4915
229.0	0.3545	-0.0	0.4515
230.0	0.5876	0.0	0.5292
231.0	0.3301	0.0	0.4434
232.0	0.379	-0.0	0.4597
233.0	0.4448	-0.0	0.4816
234.0	0.5583	-0.0	0.5194
235.0	0.5697	-0.0	0.5232
236.0	0.6252	0.0	0.5417
237.0	0.617	0.0	0.539
238.0	0.5612	0.0055	0.5204
239.0	0.483	0.0	0.4943
240.0	0.4717	-0.0	0.4906
241.0	0.3232	-0.0	0.4411
242.0	0.4353	-0.0	0.4784
243.0	0.7475	0.0	0.5825
244.0	0.6575	-0.0	0.5525
245.0	0.3768	-0.0	0.4589
246.0	0.261	-0.0	0.4203
247.0	0.4799	-0.0	0.4933
248.0	0.2702	-0.0	0.4234
249.0	0.3852	-0.0	0.4617
250.0	0.316	0.0	0.4387
251.0	0.3546	-0.0	0.4515
252.0	0.4878	-0.0	0.4959
253.0	0.446	-0.0	0.482
254.0	0.4138	-0.0	0.4713
255.0	0.5018	-0.0	0.5006
256.0	0.5086	0.0	0.5029
257.0	0.6019	-0.0	0.534
258.0	0.6221	0.0	0.5407
259.0	0.2658	-0.0	0.4219
260.0	0.3627	0.0	0.4542
261.0	0.4692	0.0	0.4897
262.0	0.3043	-0.0	0.4348
263.0	0.5048	-0.0	0.5016
264.0	0.4259	-0.0	0.4753
265.0	0.544	-0.0	0.5147
266.0	0.4132	0.0003	0.4711
267.0	0.3638	0.001	0.4546
268.0	0.4908	0.0	0.4969
269.0	0.619	0.0	0.5397
270.0	0.4535	-0.0	0.4845
271.0	0.5443	0.0	0.5148
272.0	0.5776	0.0	0.5259
273.0	0.4696	-0.0	0.4899
274.0	0.6098	0.0	0.5366
275.0	0.3715	-0.0	0.4572
276.0	0.2359	-0.0	0.412
277.0	0.5673	-0.0	0.5224
278.0	0.4256	-0.0	0.4752
279.0	0.357	-0.0	0.4523
280.0	0.3492	-0.0	0.4497
281.0	0.4842	-0.0	0.4947
282.0	0.4343	0.0	0.4781
283.0	0.4756	-0.0	0.4919
284.0	0.7206	-0.0	0.5735
285.0	0.5001	-0.0	0.5
286.0	0.4292	-0.0	0.4764
287.0	0.2963	-0.0	0.4321
288.0	0.7613	-0.0	0.5871
289.0	0.629	-0.0	0.543
290.0	0.5336	-0.0	0.5112
291.0	0.5464	-0.0	0.5155
292.0	0.4056	-0.0	0.4685
293.0	0.4817	-0.0	0.4939
294.0	0.5734	-0.0	0.5245
295.0	0.3377	-0.0	0.4459
296.0	0.4438	-0.0	0.4813
297.0	0.4314	-0.0	0.4771
298.0	0.4945	0.0042	0.4982
299.0	0.7229	0.0	0.5743
300.0	0.6205	-0.0	0.5402
301.0	0.3529	-0.0	0.451
302.0	0.452	-0.0	0.484
303.0	0.3154	-0.0	0.4385
304.0	0.6361	-0.0	0.5454
305.0	0.8768	-0.0	0.6256
306.0	0.5091	-0.0	0.503
307.0	0.5696	0.0	0.5232
308.0	0.409	0.0	0.4697
309.0	0.7264	-0.0	0.5755
310.0	0.3819	-0.0	0.4606
311.0	0.3776	-0.0	0.4592
312.0	0.5013	-0.0	0.5004
313.0	0.7458	-0.0	0.5819
314.0	0.3329	-0.0	0.4443
315.0	0.3536	-0.0	0.4512
316.0	0.4267	-0.0	0.4712
317.0	0.7391	0.0	0.5797
318.0	0.3529	0.0	0.451
319.0	0.5851	0.0	0.5284
320.0	0.4689	-0.0	0.4896
321.0	0.3662	-0.0	0.4554
322.0	0.6608	-0.0	0.5536
323.0	0.5992	-0.0	0.5331
324.0	0.4773	0.0	0.4924
325.0	0.5731	0.0	0.5244
326.0	0.5236	-0.0	0.5079
327.0	0.5112	0.0	0.5037
328.0	0.4107	0.0	0.4702
329.0	0.5298	0.0	0.5099
330.0	0.5099	0.0	0.5033
331.0	0.5205	0.0	0.5068
332.0	0.5128	-0.0	0.5043
333.0	0.3619	-0.0	0.454
334.0	0.334	-0.0	0.4447
335.0	0.374	-0.0	0.4541
336.0	0.4837	-0.0	0.4946
337.0	0.559	-0.0	0.5197
338.0	0.2324	0.0346	0.4108
339.0	0.6232	-0.0	0.5411
340.0	0.4779	0.0	0.4926
341.0	0.5068	-0.0	0.5023
342.0	0.3143	-0.0	0.4381
343.0	0.3361	0.0	0.4454
344.0	0.6186	0.0	0.5395
345.0	0.4691	-0.0	0.4897
346.0	0.6202	0.0	0.5401
347.0	0.2845	0.0297	0.4282
348.0	0.3853	0.0165	0.4618
349.0	0.667	0.0	0.5557
350.0	0.7498	0.0	0.5833
351.0	0.4472	-0.0	0.4824
352.0	0.7277	0.0	0.5759
353.0	0.346	-0.0	0.4487
354.0	0.478	0.0	0.4927
355.0	0.2971	-0.0	0.4324
356.0	0.4408	0.0	0.4803
357.0	0.4282	0.0019	0.4757
358.0	0.5004	-0.0	0.5001
359.0	0.4333	0.0	0.4778
360.0	0.4483	-0.0	0.4828
361.0	0.4896	-0.0	0.4965
362.0	0.555	-0.0	0.5183
363.0	0.6401	0.0	0.5467
364.0	0.6136	0.0	0.5379
365.0	0.3121	-0.0	0.4374
366.0	0.3812	0.0	0.4604
367.0	0.5942	0.0	0.5314
368.0	0.5396	0.0	0.5132
369.0	0.5578	0.0001	0.5193
370.0	0.6797	0.0	0.5599
371.0	0.4556	-0.0	0.4852
372.0	0.2362	-0.0	0.4121
373.0	0.4301	-0.0	0.4767
374.0	0.4313	-0.0	0.4771
375.0	0.489	0.0	0.4963
376.0	0.3148	-0.0	0.4383
377.0	0.5614	-0.0	0.5205
378.0	0.547	-0.0	0.5157
379.0	0.2031	-0.0	0.401
380.0	0.6179	0.0	0.5393
381.0	0.5282	-0.0	0.5094
382.0	0.6172	0.0	0.5391
383.0	0.4202	0.0	0.4734
384.0	0.5428	0.0	0.5143
385.0	0.3475	0.0	0.4492
386.0	0.4605	0.0006	0.4868
387.0	0.4333	-0.0	0.4778
388.0	0.3824	-0.0	0.4608
389.0	0.7698	-0.0	0.5899
390.0	0.4711	0.0	0.4904
391.0	0.2773	-0.0	0.4258
392.0	0.5916	0.0	0.5305
393.0	0.6266	0.0004	0.5422
394.0	0.5576	-0.0	0.5192
395.0	0.6626	-0.0	0.5542
396.0	0.3888	-0.0	0.4629
397.0	0.3271	-0.0	0.4424
398.0	0.4703	-0.0	0.4901
399.0	0.1919	0.0101	0.3973
400.0	0.3133	0.0	0.4378
401.0	0.5839	0.0	0.528
402.0	0.2482	0.0	0.4161
403.0	0.6205	-0.0	0.5402
404.0	0.4717	-0.0	0.4906
405.0	0.6105	0.0	0.5368
406.0	0.4418	0.0	0.4806
407.0	0.6264	0.0	0.5421
408.0	0.6849	-0.0	0.5616
409.0	0.3152	-0.0	0.4384
410.0	0.8028	0.0	0.6009
411.0	0.2807	0.002	0.4267
412.0	0.5377	-0.0	0.5126
413.0	0.5251	-0.0	0.5084
414.0	0.6181	-0.0	0.5394
415.0	0.2634	-0.0	0.4211
416.0	0.5717	0.0	0.5239
417.0	0.4864	0.0	0.4955
418.0	0.6988	-0.0	0.5663
419.0	0.4579	0.0001	0.486
420.0	0.5641	-0.0	0.5214
421.0	0.7308	0.0	0.5769
422.0	0.454	-0.0	0.4847
423.0	0.4432	-0.0	0.4811
424.0	0.2577	-0.0	0.4192
425.0	0.5314	-0.0	0.5105
426.0	0.4222	0.0	0.4741
427.0	0.4134	0.0	0.4711
428.0	0.4052	-0.0	0.4684
429.0	0.4269	0.0049	0.4756
430.0	0.2196	-0.0	0.4065
431.0	0.5563	0.0	0.5188
432.0	0.6875	0.0	0.5625
433.0	0.5591	0.0	0.5197
434.0	0.4388	-0.0	0.4796
435.0	0.3725	-0.0	0.4575
436.0	0.398	-0.0	0.466
437.0	0.2301	-0.0	0.41
438.0	0.3493	-0.0	0.4498
439.0	0.4021	-0.0	0.4674
440.0	0.4603	-0.0	0.4868
441.0	0.3785	-0.0	0.4595
442.0	0.4415	-0.0	0.4805
443.0	0.6159	0.0	0.5386
444.0	0.5905	-0.0	0.5302
445.0	0.6028	0.0	0.5343
446.0	0.4791	0.0001	0.493
447.0	0.5853	-0.0	0.5284
448.0	0.7117	-0.0	0.5706
449.0	0.4283	-0.0	0.4761
450.0	0.7992	-0.0	0.5997
451.0	0.5435	0.0	0.5145
452.0	0.5138	-0.0	0.5046
453.0	0.5826	0.0	0.5275
454.0	0.5666	-0.0	0.5222
455.0	0.3693	-0.0	0.4564
456.0	0.5632	-0.0	0.5211
457.0	0.3792	-0.0	0.4597
458.0	0.693	0.0	0.5643
459.0	0.4271	-0.0	0.4757
460.0	0.4565	-0.0	0.4855
461.0	0.489	0.0	0.4963
462.0	0.5781	0.0	0.526
463.0	0.3983	-0.0	0.4661
464.0	0.5865	-0.0	0.5288
465.0	0.3493	-0.0	0.4498
466.0	0.7202	0.0	0.5734
467.0	0.8153	0.0	0.6051
468.0	0.4546	-0.0	0.4849
469.0	0.3654	-0.0	0.4551
470.0	0.5168	0.0	0.5056
471.0	0.5914	-0.0	0.5305
472.0	0.4522	-0.0	0.4841
473.0	0.4944	0.0	0.4981
474.0	0.5023	-0.0	0.5008
475.0	0.4843	-0.0	0.4948
476.0	0.4629	0.0063	0.4876
477.0	0.3461	-0.0	0.4487
478.0	0.495	-0.0	0.4983
479.0	0.7098	-0.0	0.5699
480.0	0.6272	0.0	0.5424
481.0	0.5317	-0.0	0.5106
482.0	0.3387	0.0117	0.4462
483.0	0.4462	-0.0	0.4821
484.0	0.3661	-0.0	0.4554
485.0	0.3055	-0.0	0.4352
486.0	0.5447	-0.0	0.5149
487.0	0.4085	0.0	0.4695
488.0	0.3936	-0.0	0.4645
489.0	0.5563	0.0015	0.5188
490.0	0.4984	-0.0	0.4995
491.0	0.4587	0.0	0.4862
492.0	0.6507	0.0	0.5502
493.0	0.6072	-0.0	0.5357
494.0	0.675	-0.0	0.5583
495.0	0.7267	0.0	0.5756
496.0	0.4296	-0.0	0.4765
497.0	0.3897	0.0	0.4632
498.0	0.4869	0.0	0.4956
499.0	0.6237	-0.0	0.5412
500.0	0.3905	0.0057	0.4635
501.0	0.7042	-0.0	0.5681
502.0	0.3612	-0.0	0.4537
503.0	0.8334	-0.0	0.6111
504.0	0.1404	0.0116	0.3784
505.0	0.2851	-0.0	0.4284
506.0	0.5336	0.0	0.5112
507.0	0.5023	-0.0	0.5008
508.0	0.452	-0.0	0.484
509.0	0.4803	-0.0	0.4934
510.0	0.493	0.0001	0.4977
511.0	0.4963	0.0	0.4988
512.0	0.2279	0.0184	0.4093
513.0	0.3891	-0.0	0.463
514.0	0.6588	-0.0	0.5529
515.0	0.3824	-0.0	0.4608
516.0	0.4915	0.0	0.4972
517.0	0.194	-0.0	0.398
518.0	0.3417	-0.0	0.4472
519.0	0.3144	-0.0	0.4381
520.0	0.5513	-0.0	0.5171
521.0	0.408	-0.0	0.4693
522.0	0.8722	0.0	0.6241
523.0	0.4145	-0.0	0.4715
524.0	0.3475	0.0	0.4492
525.0	0.4561	0.0	0.4854
526.0	0.6209	0.0	0.5403
527.0	0.4536	-0.0	0.4845
528.0	0.1855	0.0359	0.3933
529.0	0.402	-0.0	0.4673
530.0	0.304	-0.0	0.4347
531.0	0.6096	0.0	0.5365
532.0	0.3136	0.0	0.4379
533.0	0.3212	-0.0	0.4404
534.0	0.4973	-0.0	0.4991
535.0	0.366	0.0009	0.4553
536.0	0.497	-0.0	0.499
537.0	0.5835	-0.0	0.5278
538.0	0.4511	-0.0	0.4837
539.0	0.3449	-0.0	0.4483
540.0	0.6812	0.0	0.5604
541.0	0.6028	-0.0	0.5343
542.0	0.6699	-0.0	0.5566
543.0	0.8236	0.0	0.6079
544.0	0.5136	-0.0	0.5045
545.0	0.4479	-0.0	0.4826
546.0	0.5612	-0.0	0.5204
547.0	0.4652	-0.0	0.4884
548.0	0.4149	0.0	0.4716
549.0	0.8589	-0.0	0.6196
550.0	0.4034	-0.0	0.4678
551.0	0.2485	-0.0	0.4162
552.0	0.6221	0.0	0.5407
553.0	0.5503	-0.0	0.5168
554.0	0.2797	-0.0	0.4266
555.0	0.6237	-0.0	0.5412
556.0	0.4685	-0.0	0.4895
557.0	0.4757	-0.0	0.4919
558.0	0.6108	-0.0	0.5369
559.0	0.5357	-0.0	0.5119
560.0	0.5293	-0.0	0.5098
561.0	0.4576	-0.0	0.4859
562.0	0.5367	-0.0	0.5122
563.0	0.5028	-0.0	0.5009
564.0	0.58	0.0	0.5267
565.0	0.5005	-0.0	0.5002
566.0	0.7272	0.0	0.5757
567.0	0.4976	-0.0	0.4992
568.0	0.4083	-0.0	0.4694
569.0	0.5706	-0.0	0.5235
570.0	0.5345	-0.0	0.5115
571.0	0.5181	0.0	0.506
572.0	0.5486	-0.0	0.5162
573.0	0.4144	-0.0	0.4715
574.0	0.2966	0.0	0.4322
575.0	0.5567	-0.0	0.5189
576.0	0.5239	-0.0	0.508
577.0	0.3169	0.0015	0.439
578.0	0.4518	-0.0	0.4839
579.0	0.6792	0.0	0.5597
580.0	0.659	-0.0	0.553
581.0	0.8735	0.0	0.6245
582.0	0.3022	-0.0	0.4341
583.0	0.3008	-0.0	0.4336
584.0	0.4793	0.0	0.4931
585.0	0.6408	-0.0	0.5469
586.0	0.6305	-0.0	0.5435
587.0	0.5419	0.0	0.514
588.0	0.3502	-0.0	0.4501
589.0	0.3611	-0.0	0.4537
590.0	0.7264	-0.0	0.5755
591.0	0.2961	0.0	0.432
592.0	0.3002	-0.0	0.4334
593.0	0.6301	-0.0	0.5434
594.0	0.4634	-0.0	0.4878
595.0	0.535	0.0	0.5117
596.0	0.3647	-0.0	0.4549
597.0	0.4161	-0.0	0.472
598.0	0.467	0.0007	0.489
599.0	0.7185	0.0	0.5728
600.0	0.554	-0.0	0.518
601.0	0.3765	0.0	0.4585
602.0	0.3501	0.0138	0.4495
603.0	0.3271	0.0079	0.4424
604.0	0.5839	0.0	0.528
605.0	0.3577	0.0	0.4526
606.0	0.529	-0.0	0.5097
607.0	0.4099	-0.0	0.47
608.0	0.6735	0.0	0.5578
609.0	0.4494	-0.0	0.4831
610.0	0.5236	-0.0	0.5079
611.0	0.5482	-0.0	0.5161
612.0	0.2562	-0.0	0.4187
613.0	0.716	0.0	0.572
614.0	0.6325	-0.0	0.5442
615.0	0.7065	-0.0	0.5688
616.0	0.7765	0.0	0.5922
617.0	0.3834	-0.0	0.4611
618.0	0.447	0.0	0.4823
619.0	0.6482	-0.0	0.5494
620.0	0.4015	-0.0	0.4672
621.0	0.4551	0.0	0.485
622.0	0.5548	-0.0	0.5183
623.0	0.3323	-0.0	0.4441
624.0	0.1789	0.0308	0.393
625.0	0.2851	-0.0	0.4284
626.0	0.589	-0.0	0.5297
627.0	0.4157	-0.0	0.4719
628.0	0.6246	-0.0	0.5415
629.0	0.2991	0.0013	0.4317
630.0	0.5563	0.0	0.5188
631.0	0.4698	0.0	0.4899
632.0	0.4043	-0.0	0.4681
633.0	0.3297	0.0025	0.4432
634.0	0.5372	-0.0	0.5124
635.0	0.5528	-0.0	0.5176
636.0	0.1891	-0.0	0.3964
637.0	0.6761	0.0	0.5587
638.0	0.5707	0.0	0.5236
639.0	0.4446	-0.0	0.4815
640.0	0.5794	0.0	0.5265
641.0	0.5698	0.0	0.5233
642.0	0.2643	-0.0	0.4214
643.0	0.5597	-0.0	0.5199
644.0	0.5057	0.0	0.5019
645.0	0.48	0.0	0.4933
646.0	0.6052	-0.0	0.5351
647.0	0.5918	-0.0	0.5306
648.0	0.5448	-0.0	0.5149
649.0	0.5437	0.0	0.5146
650.0	0.7522	0.0	0.5841
651.0	0.197	0.0566	0.3966
652.0	0.4464	-0.0	0.4821
653.0	0.5655	-0.0	0.5218
654.0	0.4915	-0.0	0.4972
655.0	0.1847	-0.0	0.3949
656.0	0.5161	0.0	0.5054
657.0	0.4276	0.0	0.4759
658.0	0.5087	-0.0	0.5029
659.0	0.3488	0.0436	0.4491
660.0	0.4907	0.0	0.4969
661.0	0.6743	-0.0	0.5581
662.0	0.7118	0.0	0.5706
663.0	0.4606	-0.0	0.4869
664.0	0.4856	-0.0	0.4952
665.0	0.6622	0.0	0.5541
666.0	0.5103	0.0	0.5034
667.0	0.4925	0.0	0.4975
668.0	0.9394	0.0	0.6465
669.0	0.5507	-0.0	0.5169
670.0	0.1867	0.0	0.3956
671.0	0.5559	-0.0	0.5186
672.0	0.5792	0.0	0.5264
673.0	0.4638	0.0	0.4879
674.0	0.1525	0.0541	0.3842
675.0	0.488	0.0047	0.496
676.0	0.4655	0.0	0.4885
677.0	0.4808	-0.0	0.4936
678.0	0.7027	0.0	0.5676
679.0	0.3707	-0.0	0.4569
680.0	0.8433	-0.0	0.6144
681.0	0.6553	0.0	0.5518
682.0	0.7212	-0.0	0.5737
683.0	0.6519	-0.0	0.5506
684.0	0.7803	0.0	0.5934
685.0	0.4451	-0.0	0.4817
686.0	0.5923	-0.0	0.5308
687.0	0.3819	0.0	0.4606
688.0	0.5512	-0.0	0.5171
689.0	0.2855	0.0001	0.4285
690.0	0.3625	-0.0	0.4542
691.0	0.3752	0.0	0.4584
692.0	0.3804	-0.0	0.4601
693.0	0.5471	0.0	0.5157
694.0	0.296	-0.0	0.432
695.0	0.429	-0.0	0.4763
696.0	0.7958	0.0	0.5986
697.0	0.3368	-0.0	0.4456
698.0	0.4846	0.0	0.4949
699.0	0.6003	-0.0	0.5334
700.0	0.7141	0.0	0.5714
701.0	0.5887	-0.0	0.5296
702.0	0.6027	-0.0	0.5342
703.0	0.4773	-0.0	0.4924
704.0	0.8441	-0.0	0.6147
705.0	0.3952	-0.0	0.4651
706.0	0.3317	-0.0	0.4439
707.0	0.7228	0.0	0.5743
708.0	0.5838	-0.0	0.5279
709.0	0.6704	-0.0	0.5568
710.0	0.5385	-0.0	0.5128
711.0	0.4598	-0.0	0.4866
712.0	0.6882	-0.0	0.5627
713.0	0.3914	-0.0	0.4638
714.0	0.4515	-0.0	0.4838
715.0	0.5856	0.0	0.5285
716.0	0.564	0.0	0.5213
717.0	0.6575	0.0	0.5525
718.0	0.409	0.0	0.4697
719.0	0.4942	-0.0	0.4981
720.0	0.5922	0.0	0.5307
721.0	0.6175	-0.0	0.5392
722.0	0.4879	0.0	0.496
723.0	0.3713	-0.0	0.4571
724.0	0.3579	-0.0	0.4526
725.0	0.258	-0.0	0.4193
726.0	0.3409	-0.0	0.447
727.0	0.5313	0.0	0.5104
728.0	0.3174	0.0	0.4391
729.0	0.3069	-0.0	0.4356
730.0	0.3798	-0.0	0.4599
731.0	0.7387	0.0	0.5796
732.0	0.3672	-0.0	0.4557
733.0	0.4453	-0.0	0.4818
734.0	0.1889	0.0034	0.3963
735.0	0.4703	0.0	0.4901
736.0	0.5933	0.0	0.5311
737.0	0.3168	-0.0	0.4389
738.0	0.661	0.0	0.5537
739.0	0.3937	-0.0	0.4646
740.0	0.2989	0.0014	0.4325
741.0	0.4172	-0.0	0.4724
742.0	0.4052	-0.0	0.4684
743.0	0.4637	-0.0	0.4879
744.0	0.1984	-0.0	0.3995
745.0	0.39	-0.0	0.4633
746.0	0.3469	0.0	0.449
747.0	0.4749	-0.0	0.4916
748.0	0.4655	-0.0	0.4885
749.0	0.6041	0.0	0.5347
750.0	0.3909	-0.0	0.4636
751.0	0.4519	-0.0	0.484
752.0	0.3903	-0.0	0.4634
753.0	0.7306	0.0	0.5769
754.0	0.3595	-0.0	0.4532
755.0	0.316	0.0	0.4387
756.0	0.4113	-0.0	0.4704
757.0	0.3325	-0.0	0.4442
758.0	0.5676	-0.0	0.5225
759.0	0.8796	0.0	0.6265
760.0	0.6009	0.0	0.5336
761.0	0.377	0.0	0.459
762.0	0.4544	-0.0	0.4848
763.0	0.5465	0.0	0.5155
764.0	0.4324	-0.0	0.4708
765.0	0.5803	0.0	0.5268
766.0	0.1701	-0.0	0.39
767.0	0.5408	-0.0	0.5136
768.0	0.3586	0.0021	0.4529
769.0	0.6497	0.0	0.5499
770.0	0.3009	0.0015	0.4336
771.0	0.385	-0.0	0.4617
772.0	0.4406	0.0044	0.4801
773.0	0.3597	-0.0	0.4532
774.0	0.2588	-0.0	0.4196
775.0	0.5638	0.0	0.5213
776.0	0.568	0.0	0.5227
777.0	0.2106	-0.0	0.4035
778.0	0.3978	0.0094	0.4659
779.0	0.607	0.0	0.5357
780.0	0.4727	-0.0	0.4909
781.0	0.5832	-0.0	0.5277
782.0	0.4264	-0.0	0.4755
783.0	0.5774	0.0	0.5258
784.0	0.5167	-0.0	0.5056
785.0	0.3732	-0.0	0.4577
786.0	0.4974	-0.0	0.4991
787.0	0.2793	0.0269	0.4264
788.0	0.3721	-0.0	0.4574
789.0	0.511	0.0	0.5037
790.0	0.5461	-0.0	0.5154
791.0	0.6311	-0.0	0.5437
792.0	0.7317	0.0	0.5772
793.0	0.3005	-0.0	0.4335
794.0	0.5738	0.0	0.5246
795.0	0.325	-0.0	0.4417
796.0	0.7361	-0.0	0.5787
797.0	0.3099	-0.0	0.4366
798.0	0.5859	-0.0	0.5286
799.0	0.687	0.0	0.5623
800.0	0.2542	0.0017	0.4181
801.0	0.2436	0.0001	0.407
802.0	0.3097	-0.0	0.4366
803.0	0.7874	-0.0	0.5958
804.0	0.4959	0.0	0.4986
805.0	0.2616	0.0536	0.4183
806.0	0.4897	-0.0	0.4966
807.0	0.6175	0.0	0.5392
808.0	0.4141	-0.0	0.4714
809.0	0.3517	-0.0	0.4506
810.0	0.2981	-0.0	0.4327
811.0	0.7933	0.0	0.5978
812.0	0.6699	-0.0	0.5566
813.0	0.8847	0.0	0.6282
814.0	0.64	0.0	0.5467
815.0	0.5158	-0.0	0.5053
816.0	0.5271	0.0	0.509
817.0	0.2937	0.0017	0.4312
818.0	0.2198	-0.0	0.4066
819.0	0.5409	0.0	0.5136
820.0	0.3674	-0.0	0.4558
821.0	0.3367	-0.0	0.4456
822.0	0.4242	-0.0	0.4747
823.0	0.4425	-0.0	0.4808
824.0	0.4801	0.0	0.4934
825.0	0.6578	0.0	0.5526
826.0	0.4815	-0.0	0.4938
827.0	0.7233	0.0	0.5744
828.0	0.679	0.0	0.5597
829.0	0.6327	0.0	0.5442
830.0	0.3951	-0.0	0.465
831.0	0.675	-0.0	0.5583
832.0	0.5818	0.0	0.5273
833.0	0.4128	0.0	0.4709
834.0	0.6898	0.0	0.5633
835.0	0.4114	-0.0	0.4705
836.0	0.3432	0.0172	0.4477
837.0	0.5555	-0.0	0.5185
838.0	0.444	-0.0	0.4813
839.0	0.6407	0.0	0.5469
840.0	0.5681	0.0	0.5227
841.0	0.4187	-0.0	0.4729
842.0	0.4999	0.0016	0.5
843.0	0.8287	0.0	0.6096
844.0	0.3742	0.0006	0.4581
845.0	0.7374	0.0	0.5791
846.0	0.3243	0.0	0.4414
847.0	0.4599	0.0	0.4866
848.0	0.2699	-0.0	0.4233
849.0	0.4836	0.0	0.4945
850.0	0.4402	0.0	0.4801
851.0	0.6443	0.0	0.5481
852.0	0.5481	-0.0	0.516
853.0	0.4085	-0.0	0.4695
854.0	0.4841	-0.0	0.4947
855.0	0.5705	-0.0	0.5235
856.0	0.5736	-0.0	0.5245
857.0	0.4728	0.0038	0.4905
858.0	0.3817	-0.0	0.4606
859.0	0.4577	0.0	0.4859
860.0	0.4415	0.0123	0.4805
861.0	0.3637	0.0	0.4546
862.0	0.729	0.0	0.5763
863.0	0.4753	-0.0	0.4918
864.0	0.5141	0.0	0.5047
865.0	0.3928	0.0	0.4643
866.0	0.3761	-0.0	0.4587
867.0	0.3823	0.0016	0.4608
868.0	0.6038	-0.0	0.5346
869.0	0.8531	0.0	0.6177
870.0	0.4863	-0.0	0.4954
871.0	0.3428	-0.0	0.4476
872.0	0.3168	-0.0	0.4389
873.0	0.357	0.0	0.4523
874.0	0.1366	0.0	0.3789
875.0	0.6124	-0.0	0.5375
876.0	0.6368	0.0	0.5456
877.0	0.7271	0.0	0.5757
878.0	0.5317	-0.0	0.5106
879.0	0.5096	-0.0	0.5032
880.0	0.7291	0.0	0.5764
881.0	0.4824	-0.0	0.4941
882.0	0.4149	-0.0	0.4716
883.0	0.5371	-0.0	0.5124
884.0	0.6111	-0.0	0.537
885.0	0.3827	-0.0	0.4609
886.0	0.5575	-0.0	0.5192
887.0	0.4672	-0.0	0.4891
888.0	0.7469	-0.0	0.5823
889.0	0.66	0.0	0.5533
890.0	0.5378	-0.0	0.5126
891.0	0.4672	-0.0	0.4891
892.0	0.6119	-0.0	0.5373
893.0	0.486	0.0	0.4953
894.0	0.5708	0.0	0.5236
895.0	0.8472	0.0	0.6157
896.0	0.3651	0.0	0.455
897.0	0.4763	-0.0	0.4921
898.0	0.8425	0.0	0.6142
899.0	0.4213	-0.0	0.4738
900.0	0.4612	-0.0	0.4871
901.0	0.3094	0.0004	0.4365
902.0	0.6507	0.0	0.5502
903.0	0.6171	0.0	0.539
904.0	0.6051	-0.0	0.535
905.0	0.5921	0.0	0.5307
906.0	0.5033	-0.0	0.5011
907.0	0.2418	-0.0	0.4139
908.0	0.5245	0.0	0.5082
909.0	0.2499	-0.0	0.4166
910.0	0.5121	0.0041	0.502
911.0	0.3711	-0.0	0.457
912.0	0.3789	-0.0	0.4596
913.0	0.4891	-0.0	0.4964
914.0	0.7109	0.0	0.5703
915.0	0.5762	-0.0	0.5254
916.0	0.4295	-0.0	0.4765
917.0	0.4901	-0.0	0.4967
918.0	0.4935	-0.0	0.4978
919.0	0.7421	0.0	0.5807
920.0	0.6576	0.0	0.5525
921.0	0.5171	-0.0	0.5057
922.0	0.1892	-0.0	0.3964
923.0	0.4375	-0.0	0.4792
924.0	0.4537	0.0	0.4846
925.0	0.3418	0.0097	0.4413
926.0	0.3814	-0.0	0.4605
927.0	0.6566	-0.0	0.5522
928.0	0.6052	0.0	0.5351
929.0	0.6386	-0.0	0.5462
930.0	0.4731	-0.0	0.491
931.0	0.7076	-0.0	0.5692
932.0	0.5351	0.0	0.5117
933.0	0.3764	-0.0	0.4588
934.0	0.4426	-0.0	0.4809
935.0	0.6264	0.0	0.5421
936.0	0.2248	0.0	0.4083
937.0	0.5673	0.0	0.5224
938.0	0.6021	-0.0	0.534
939.0	0.3724	-0.0	0.4575
940.0	0.7701	0.0	0.59
941.0	0.3135	0.0	0.4378
942.0	0.4906	-0.0	0.4969
943.0	0.448	-0.0	0.4827
944.0	0.2558	-0.0	0.4186
945.0	0.3974	-0.0	0.4658
946.0	0.3615	-0.0	0.4538
947.0	0.537	0.0	0.5123
948.0	0.5584	-0.0	0.5195
949.0	0.3998	0.0123	0.4655
950.0	0.6137	0.0	0.5379
951.0	0.3172	-0.0	0.4391
952.0	0.2852	-0.0	0.4284
953.0	0.9291	0.0	0.643
954.0	0.6734	0.0	0.5578
955.0	0.4189	-0.0	0.473
956.0	0.4784	-0.0	0.4928
957.0	0.2108	0.0742	0.3981
958.0	0.4526	-0.0	0.4842
959.0	0.3063	-0.0	0.4354
960.0	0.3692	0.001	0.4564
961.0	0.4274	0.0	0.4758
962.0	0.4614	0.0	0.4871
963.0	0.5968	0.0	0.5323
964.0	0.3466	-0.0	0.4489
965.0	0.473	0.0	0.491
966.0	0.6512	-0.0	0.5504
967.0	0.3546	-0.0	0.4515
968.0	0.7462	0.0	0.5821
969.0	0.2744	-0.0	0.4248
970.0	0.7699	-0.0	0.59
971.0	0.5152	0.0	0.5051
972.0	0.4288	-0.0	0.4763
973.0	0.4023	-0.0	0.4674
974.0	0.4459	0.0002	0.482
975.0	0.1609	0.0041	0.3868
976.0	0.3183	0.0	0.4394
977.0	0.5397	-0.0	0.5132
978.0	0.6484	-0.0	0.5495
979.0	0.2597	-0.0	0.4199
980.0	0.5601	0.0	0.52
981.0	0.5033	0.0	0.5011
982.0	0.4117	0.0	0.4706
983.0	0.4487	-0.0	0.4829
984.0	0.3845	-0.0	0.4615
985.0	0.4033	0.0	0.4678
986.0	0.5783	0.0	0.5261
987.0	0.2518	-0.0	0.4173
988.0	0.5167	-0.0	0.5056
989.0	0.6579	0.0	0.5526
990.0	0.521	-0.0	0.507
991.0	0.4745	-0.0	0.4915
992.0	0.49	-0.0	0.4967
993.0	0.6843	0.0	0.5614
994.0	0.4658	-0.0	0.4886
995.0	0.4965	0.0075	0.4988
996.0	0.4907	0.0	0.4969
997.0	0.4702	-0.0	0.4901
998.0	0.3771	-0.0	0.459
999.0	0.3361	0.014	0.4454
1000.0	0.6173	0.0	0.5391
