1.0	0.0308	-0.0	0.3436
2.0	0.0093	-0.0	0.3364
3.0	0.0094	-0.0	0.3365
4.0	0.0251	-0.0	0.3417
5.0	0.0162	-0.0	0.3387
6.0	0.0315	-0.0	0.3438
7.0	0.0181	-0.0	0.3394
8.0	0.0241	-0.0	0.3414
9.0	0.0136	-0.0	0.3379
10.0	0.0253	-0.0	0.3418
11.0	0.022	-0.0	0.3407
12.0	0.0136	-0.0	0.3379
13.0	0.0202	-0.0	0.3401
14.0	0.0206	-0.0	0.3402
15.0	0.0262	-0.0	0.3421
16.0	0.0156	-0.0	0.3385
17.0	0.028	-0.0	0.3427
18.0	0.0134	0.0	0.3378
19.0	0.0108	-0.0	0.3369
20.0	0.0268	-0.0	0.3423
21.0	0.0137	-0.0	0.3379
22.0	0.0223	-0.0	0.3408
23.0	0.0268	-0.0	0.3423
24.0	0.0298	-0.0	0.3433
25.0	0.0231	-0.0	0.341
26.0	0.0128	-0.0	0.3376
27.0	0.0243	-0.0	0.3414
28.0	0.0264	-0.0	0.3421
29.0	0.0225	-0.0	0.3408
30.0	0.0328	-0.0	0.3443
31.0	0.0214	-0.0	0.3405
32.0	0.0157	-0.0	0.3386
33.0	0.0227	-0.0	0.3409
34.0	0.0141	-0.0	0.338
35.0	0.0249	-0.0	0.3416
36.0	0.0136	0.0	0.3379
37.0	0.0221	-0.0	0.3407
38.0	0.0162	-0.0	0.3387
39.0	0.0229	-0.0	0.341
40.0	0.0199	-0.0	0.34
41.0	0.019	-0.0	0.3397
42.0	0.025	-0.0	0.3417
43.0	0.0203	-0.0	0.3401
44.0	0.0178	-0.0	0.3393
45.0	0.0206	-0.0	0.3402
46.0	0.0382	-0.0	0.3461
47.0	0.0234	-0.0	0.3411
48.0	0.017	0.0	0.339
49.0	0.014	-0.0	0.338
50.0	0.0138	-0.0	0.3379
51.0	0.0146	0.0	0.3382
52.0	0.0209	-0.0	0.3403
53.0	0.0186	-0.0	0.3395
54.0	0.0207	-0.0	0.3402
55.0	0.0261	0.0	0.342
56.0	0.0194	-0.0	0.3398
57.0	0.0181	-0.0	0.3394
58.0	0.0208	-0.0	0.3403
59.0	0.0201	-0.0	0.34
60.0	0.0232	-0.0	0.3411
61.0	0.0189	-0.0	0.3396
62.0	0.0182	-0.0	0.3394
63.0	0.0244	-0.0	0.3415
64.0	0.0122	-0.0	0.3374
65.0	0.0103	-0.0	0.3368
66.0	0.0196	-0.0	0.3399
67.0	0.0183	-0.0	0.3394
68.0	0.0131	-0.0	0.3377
69.0	0.0132	0.0	0.3377
70.0	0.0201	-0.0	0.34
71.0	0.0266	-0.0	0.3422
72.0	0.0264	-0.0	0.3421
73.0	0.02	-0.0	0.34
74.0	0.0159	-0.0	0.3386
75.0	0.0265	-0.0	0.3422
76.0	0.0271	0.0	0.3424
77.0	0.0163	-0.0	0.3388
78.0	0.021	-0.0	0.3403
79.0	0.0179	-0.0	0.3393
80.0	0.0214	-0.0	0.3405
81.0	0.0206	-0.0	0.3402
82.0	0.0089	-0.0	0.3363
83.0	0.0271	-0.0	0.3424
84.0	0.0162	-0.0	0.3387
85.0	0.0123	-0.0	0.3374
86.0	0.0101	-0.0	0.3367
87.0	0.0258	-0.0	0.3419
88.0	0.0115	0.0	0.3372
89.0	0.0198	-0.0	0.3399
90.0	0.0141	-0.0	0.338
91.0	0.0172	-0.0	0.3391
92.0	0.0151	0.0	0.3384
93.0	0.0232	-0.0	0.3411
94.0	0.0207	-0.0	0.3402
95.0	0.0204	-0.0	0.3401
96.0	0.0102	-0.0	0.3367
97.0	0.0128	-0.0	0.3376
98.0	0.0286	-0.0	0.3429
99.0	0.0218	-0.0	0.3406
100.0	0.0269	-0.0	0.3423
101.0	0.0201	-0.0	0.34
102.0	0.0123	-0.0	0.3374
103.0	0.0254	0.0	0.3418
104.0	0.0156	-0.0	0.3385
105.0	0.0236	-0.0	0.3412
106.0	0.0219	-0.0	0.3406
107.0	0.0199	-0.0	0.34
108.0	0.0168	-0.0	0.3389
109.0	0.0093	0.0	0.3364
110.0	0.0159	-0.0	0.3386
111.0	0.0181	0.0	0.3394
112.0	0.02	-0.0	0.34
113.0	0.0181	0.0	0.3394
114.0	0.0195	-0.0	0.3398
115.0	0.0165	-0.0	0.3388
116.0	0.0148	-0.0	0.3383
117.0	0.021	-0.0	0.3403
118.0	0.0246	-0.0	0.3415
119.0	0.0325	-0.0	0.3442
120.0	0.0162	-0.0	0.3387
121.0	0.0157	-0.0	0.3386
122.0	0.0161	-0.0	0.3387
123.0	0.0131	-0.0	0.3377
124.0	0.0165	0.0	0.3388
125.0	0.0212	-0.0	0.3404
126.0	0.0313	0.0	0.3438
127.0	0.0199	-0.0	0.34
128.0	0.0275	-0.0	0.3425
129.0	0.0147	-0.0	0.3382
130.0	0.0218	-0.0	0.3406
131.0	0.0178	-0.0	0.3393
132.0	0.0162	-0.0	0.3387
133.0	0.0152	-0.0	0.3384
134.0	0.0133	-0.0	0.3378
135.0	0.0264	-0.0	0.3421
136.0	0.0325	-0.0	0.3442
137.0	0.0228	-0.0	0.3409
138.0	0.0158	-0.0	0.3386
139.0	0.0252	-0.0	0.3417
140.0	0.0213	-0.0	0.3404
141.0	0.0175	-0.0	0.3392
142.0	0.0182	-0.0	0.3394
143.0	0.0187	-0.0	0.3396
144.0	0.0219	-0.0	0.3406
145.0	0.0154	-0.0	0.3385
146.0	0.0193	-0.0	0.3398
147.0	0.0185	-0.0	0.3395
148.0	0.0285	0.0	0.3428
149.0	0.0182	-0.0	0.3394
150.0	0.0137	-0.0	0.3379
151.0	0.03	-0.0	0.3433
152.0	0.0222	-0.0	0.3407
153.0	0.0257	-0.0	0.3419
154.0	0.0162	-0.0	0.3387
155.0	0.0189	-0.0	0.3396
156.0	0.0286	-0.0	0.3429
157.0	0.018	-0.0	0.3393
158.0	0.0213	-0.0	0.3404
159.0	0.019	-0.0	0.3397
160.0	0.0241	-0.0	0.3414
161.0	0.0076	0.0	0.3359
162.0	0.0232	-0.0	0.3411
163.0	0.0203	-0.0	0.3401
164.0	0.0201	-0.0	0.34
165.0	0.012	-0.0	0.3373
166.0	0.0126	-0.0	0.3375
167.0	0.0246	-0.0	0.3415
168.0	0.031	-0.0	0.3437
169.0	0.023	-0.0	0.341
170.0	0.0203	-0.0	0.3401
171.0	0.0307	-0.0	0.3436
172.0	0.0166	-0.0	0.3389
173.0	0.0179	-0.0	0.3393
174.0	0.0384	0.0	0.3461
175.0	0.0157	-0.0	0.3386
176.0	0.0233	-0.0	0.3411
177.0	0.0193	-0.0	0.3398
178.0	0.0183	-0.0	0.3394
179.0	0.0137	-0.0	0.3379
180.0	0.022	-0.0	0.3407
181.0	0.0231	-0.0	0.341
182.0	0.026	-0.0	0.342
183.0	0.023	-0.0	0.341
184.0	0.0162	-0.0	0.3387
185.0	0.0332	-0.0	0.3444
186.0	0.0172	-0.0	0.3391
187.0	0.025	-0.0	0.3417
188.0	0.0185	-0.0	0.3395
189.0	0.0241	-0.0	0.3414
190.0	0.0176	-0.0	0.3392
191.0	0.0198	-0.0	0.3399
192.0	0.0219	-0.0	0.3406
193.0	0.0126	-0.0	0.3375
194.0	0.015	-0.0	0.3383
195.0	0.0117	-0.0	0.3372
196.0	0.0252	-0.0	0.3417
197.0	0.0232	-0.0	0.3411
198.0	0.0185	-0.0	0.3395
199.0	0.0281	0.0	0.3427
200.0	0.0116	0.0	0.3372
201.0	0.0236	-0.0	0.3412
202.0	0.019	-0.0	0.3397
203.0	0.0091	-0.0	0.3364
204.0	0.0172	-0.0	0.3391
205.0	0.0134	0.0	0.3378
206.0	0.0261	-0.0	0.342
207.0	0.0126	0.0	0.3375
208.0	0.0154	-0.0	0.3385
209.0	0.0189	-0.0	0.3396
210.0	0.0194	-0.0	0.3398
211.0	0.0291	-0.0	0.343
212.0	0.0256	0.0	0.3419
213.0	0.0097	-0.0	0.3366
214.0	0.0192	-0.0	0.3397
215.0	0.0114	-0.0	0.3371
216.0	0.0189	-0.0	0.3396
217.0	0.0152	-0.0	0.3384
218.0	0.0154	-0.0	0.3385
219.0	0.0156	0.0	0.3385
220.0	0.0149	-0.0	0.3383
221.0	0.028	-0.0	0.3427
222.0	0.0168	-0.0	0.3389
223.0	0.0207	-0.0	0.3402
224.0	0.0144	-0.0	0.3381
225.0	0.0059	-0.0	0.3353
226.0	0.022	-0.0	0.3407
227.0	0.0373	-0.0	0.3458
228.0	0.0131	0.0	0.3377
229.0	0.0196	0.0	0.3399
230.0	0.0231	-0.0	0.341
231.0	0.0277	-0.0	0.3426
232.0	0.0131	-0.0	0.3377
233.0	0.0248	-0.0	0.3416
234.0	0.0139	-0.0	0.338
235.0	0.0156	-0.0	0.3385
236.0	0.0157	-0.0	0.3386
237.0	0.036	-0.0	0.3453
238.0	0.0162	-0.0	0.3387
239.0	0.0143	-0.0	0.3381
240.0	0.0266	-0.0	0.3422
241.0	0.0186	-0.0	0.3395
242.0	0.0155	-0.0	0.3385
243.0	0.0208	-0.0	0.3403
244.0	0.0198	-0.0	0.3399
245.0	0.0231	-0.0	0.341
246.0	0.0201	-0.0	0.34
247.0	0.0099	-0.0	0.3366
248.0	0.0187	-0.0	0.3396
249.0	0.0292	0.0	0.3431
250.0	0.0195	-0.0	0.3398
251.0	0.0293	-0.0	0.3431
252.0	0.0217	-0.0	0.3406
253.0	0.0207	-0.0	0.3402
254.0	0.0195	-0.0	0.3398
255.0	0.0272	0.0	0.3424
256.0	0.0151	-0.0	0.3384
257.0	0.019	-0.0	0.3397
258.0	0.0166	-0.0	0.3389
259.0	0.0175	-0.0	0.3392
260.0	0.0138	-0.0	0.3379
261.0	0.0306	-0.0	0.3435
262.0	0.0178	-0.0	0.3393
263.0	0.0172	-0.0	0.3391
264.0	0.0215	-0.0	0.3405
265.0	0.0234	-0.0	0.3411
266.0	0.03	-0.0	0.3433
267.0	0.0184	-0.0	0.3395
268.0	0.0178	-0.0	0.3393
269.0	0.0172	-0.0	0.3391
270.0	0.022	0.0	0.3407
271.0	0.026	-0.0	0.342
272.0	0.0217	-0.0	0.3406
273.0	0.0217	-0.0	0.3406
274.0	0.0101	-0.0	0.3367
275.0	0.017	-0.0	0.339
276.0	0.0179	-0.0	0.3393
277.0	0.0316	0.0	0.3439
278.0	0.023	-0.0	0.341
279.0	0.0224	-0.0	0.3408
280.0	0.03	-0.0	0.3433
281.0	0.0173	-0.0	0.3391
282.0	0.0184	-0.0	0.3395
283.0	0.021	-0.0	0.3403
284.0	0.0258	-0.0	0.3419
285.0	0.0171	-0.0	0.339
286.0	0.0241	-0.0	0.3414
287.0	0.0184	-0.0	0.3395
288.0	0.0198	-0.0	0.3399
289.0	0.0204	-0.0	0.3401
290.0	0.0085	-0.0	0.3362
291.0	0.0172	-0.0	0.3391
292.0	0.0219	0.0	0.3406
293.0	0.0206	-0.0	0.3402
294.0	0.0208	-0.0	0.3403
295.0	0.0238	0.0	0.3413
296.0	0.0081	-0.0	0.336
297.0	0.0196	-0.0	0.3399
298.0	0.0238	-0.0	0.3413
299.0	0.0229	-0.0	0.341
300.0	0.0143	0.0	0.3381
301.0	0.0137	-0.0	0.3379
302.0	0.0184	-0.0	0.3395
303.0	0.0191	-0.0	0.3397
304.0	0.0246	-0.0	0.3415
305.0	0.0211	-0.0	0.3404
306.0	0.0209	-0.0	0.3403
307.0	0.01	0.0	0.3367
308.0	0.019	-0.0	0.3397
309.0	0.0144	-0.0	0.3381
310.0	0.0214	-0.0	0.3405
311.0	0.0074	-0.0	0.3358
312.0	0.0109	0.0	0.337
313.0	0.0274	-0.0	0.3425
314.0	0.0366	-0.0	0.3455
315.0	0.0274	-0.0	0.3425
316.0	0.0135	0.0	0.3378
317.0	0.0113	-0.0	0.3371
318.0	0.0248	0.0	0.3416
319.0	0.0126	-0.0	0.3375
320.0	0.0183	-0.0	0.3394
321.0	0.0277	-0.0	0.3426
322.0	0.0148	-0.0	0.3383
323.0	0.0113	-0.0	0.3371
324.0	0.0257	-0.0	0.3419
325.0	0.0199	0.0	0.34
326.0	0.0244	-0.0	0.3415
327.0	0.0187	-0.0	0.3396
328.0	0.0142	0.0	0.3381
329.0	0.0354	0.0	0.3451
330.0	0.0288	-0.0	0.3429
331.0	0.0128	0.0	0.3376
332.0	0.0152	-0.0	0.3384
333.0	0.0191	-0.0	0.3397
334.0	0.0152	-0.0	0.3384
335.0	0.0165	-0.0	0.3388
336.0	0.0295	-0.0	0.3432
337.0	0.0228	-0.0	0.3409
338.0	0.0173	-0.0	0.3391
339.0	0.0244	-0.0	0.3415
340.0	0.0223	0.0	0.3408
341.0	0.0163	-0.0	0.3388
342.0	0.0132	-0.0	0.3377
343.0	0.0204	-0.0	0.3401
344.0	0.0198	-0.0	0.3399
345.0	0.0246	-0.0	0.3415
346.0	0.0218	-0.0	0.3406
347.0	0.0253	-0.0	0.3418
348.0	0.0211	-0.0	0.3404
349.0	0.0144	-0.0	0.3381
350.0	0.0147	-0.0	0.3382
351.0	0.0165	-0.0	0.3388
352.0	0.0325	-0.0	0.3442
353.0	0.0167	-0.0	0.3389
354.0	0.0231	-0.0	0.341
355.0	0.0111	-0.0	0.337
356.0	0.0171	-0.0	0.339
357.0	0.0225	-0.0	0.3408
358.0	0.019	-0.0	0.3397
359.0	0.0266	-0.0	0.3422
360.0	0.0131	-0.0	0.3377
361.0	0.0176	-0.0	0.3392
362.0	0.0229	-0.0	0.341
363.0	0.0262	-0.0	0.3421
364.0	0.0277	-0.0	0.3426
365.0	0.0255	-0.0	0.3418
366.0	0.0191	-0.0	0.3397
367.0	0.0303	-0.0	0.3434
368.0	0.0238	-0.0	0.3413
369.0	0.0233	-0.0	0.3411
370.0	0.0206	-0.0	0.3402
371.0	0.0149	-0.0	0.3383
372.0	0.0178	0.0	0.3393
373.0	0.0156	-0.0	0.3385
374.0	0.0109	-0.0	0.337
375.0	0.0266	-0.0	0.3422
376.0	0.0099	0.0	0.3366
377.0	0.0141	-0.0	0.338
378.0	0.0235	-0.0	0.3412
379.0	0.0194	-0.0	0.3398
380.0	0.0157	0.0	0.3386
381.0	0.0187	-0.0	0.3396
382.0	0.0144	-0.0	0.3381
383.0	0.0245	-0.0	0.3415
384.0	0.0167	-0.0	0.3389
385.0	0.0223	-0.0	0.3408
386.0	0.0045	0.0	0.3348
387.0	0.0288	-0.0	0.3429
388.0	0.0254	-0.0	0.3418
389.0	0.0168	-0.0	0.3389
390.0	0.0203	-0.0	0.3401
391.0	0.0213	-0.0	0.3404
392.0	0.0319	-0.0	0.344
393.0	0.0297	-0.0	0.3432
394.0	0.0217	-0.0	0.3406
395.0	0.0115	-0.0	0.3372
396.0	0.0247	-0.0	0.3416
397.0	0.0226	-0.0	0.3409
398.0	0.017	-0.0	0.339
399.0	0.02	-0.0	0.34
400.0	0.0191	-0.0	0.3397
401.0	0.0158	0.0	0.3386
402.0	0.0291	-0.0	0.343
403.0	0.0245	-0.0	0.3415
404.0	0.0216	-0.0	0.3405
405.0	0.0153	-0.0	0.3384
406.0	0.0131	-0.0	0.3377
407.0	0.0176	-0.0	0.3392
408.0	0.0166	-0.0	0.3389
409.0	0.0176	-0.0	0.3392
410.0	0.018	-0.0	0.3393
411.0	0.0232	-0.0	0.3411
412.0	0.0247	-0.0	0.3416
413.0	0.0314	-0.0	0.3438
414.0	0.0194	-0.0	0.3398
415.0	0.0189	-0.0	0.3396
416.0	0.0233	-0.0	0.3411
417.0	0.026	-0.0	0.342
418.0	0.0133	-0.0	0.3378
419.0	0.0145	-0.0	0.3382
420.0	0.0224	-0.0	0.3408
421.0	0.0239	-0.0	0.3413
422.0	0.0325	-0.0	0.3442
423.0	0.0123	-0.0	0.3374
424.0	0.0296	-0.0	0.3432
425.0	0.0203	-0.0	0.3401
426.0	0.0201	-0.0	0.34
427.0	0.0125	0.0	0.3375
428.0	0.0198	-0.0	0.3399
429.0	0.0162	-0.0	0.3387
430.0	0.0165	-0.0	0.3388
431.0	0.0165	-0.0	0.3388
432.0	0.0204	-0.0	0.3401
433.0	0.0226	-0.0	0.3409
434.0	0.0191	-0.0	0.3397
435.0	0.0193	-0.0	0.3398
436.0	0.0137	-0.0	0.3379
437.0	0.0232	-0.0	0.3411
438.0	0.0148	-0.0	0.3383
439.0	0.0249	-0.0	0.3416
440.0	0.0188	-0.0	0.3396
441.0	0.0157	-0.0	0.3386
442.0	0.0152	-0.0	0.3384
443.0	0.0195	-0.0	0.3398
444.0	0.0185	-0.0	0.3395
445.0	0.0312	-0.0	0.3437
446.0	0.0215	-0.0	0.3405
447.0	0.0142	-0.0	0.3381
448.0	0.0282	-0.0	0.3427
449.0	0.0202	-0.0	0.3401
450.0	0.0189	-0.0	0.3396
451.0	0.0119	-0.0	0.3373
452.0	0.0311	0.0	0.3437
453.0	0.0333	-0.0	0.3444
454.0	0.0162	-0.0	0.3387
455.0	0.0194	-0.0	0.3398
456.0	0.0145	-0.0	0.3382
457.0	0.0109	-0.0	0.337
458.0	0.0156	-0.0	0.3385
459.0	0.0265	-0.0	0.3422
460.0	0.0226	-0.0	0.3409
461.0	0.0188	-0.0	0.3396
462.0	0.0176	-0.0	0.3392
463.0	0.0215	-0.0	0.3405
464.0	0.0252	-0.0	0.3417
465.0	0.0258	-0.0	0.3419
466.0	0.0331	-0.0	0.3444
467.0	0.0123	-0.0	0.3374
468.0	0.019	-0.0	0.3397
469.0	0.0237	-0.0	0.3412
470.0	0.0136	-0.0	0.3379
471.0	0.0213	-0.0	0.3404
472.0	0.0175	-0.0	0.3392
473.0	0.0229	-0.0	0.341
474.0	0.0168	-0.0	0.3389
475.0	0.0263	-0.0	0.3421
476.0	0.0059	-0.0	0.3353
477.0	0.0313	-0.0	0.3438
478.0	0.0223	-0.0	0.3408
479.0	0.0178	-0.0	0.3393
480.0	0.0115	0.0	0.3372
481.0	0.025	-0.0	0.3417
482.0	0.0133	-0.0	0.3378
483.0	0.017	-0.0	0.339
484.0	0.0178	-0.0	0.3393
485.0	0.0259	-0.0	0.342
486.0	0.0203	-0.0	0.3401
487.0	0.0139	-0.0	0.338
488.0	0.0193	-0.0	0.3398
489.0	0.0133	-0.0	0.3378
490.0	0.0214	-0.0	0.3405
491.0	0.0184	-0.0	0.3395
492.0	0.0127	-0.0	0.3376
493.0	0.025	-0.0	0.3417
494.0	0.0135	-0.0	0.3378
495.0	0.0134	-0.0	0.3378
496.0	0.0203	-0.0	0.3401
497.0	0.0116	-0.0	0.3372
498.0	0.0252	-0.0	0.3417
499.0	0.0228	-0.0	0.3409
500.0	0.0215	-0.0	0.3405
501.0	0.0237	0.0	0.3412
502.0	0.0227	-0.0	0.3409
503.0	0.0175	-0.0	0.3392
504.0	0.0204	-0.0	0.3401
505.0	0.0148	-0.0	0.3383
506.0	0.0096	-0.0	0.3365
507.0	0.0193	-0.0	0.3398
508.0	0.0231	-0.0	0.341
509.0	0.0212	0.0	0.3404
510.0	0.0156	-0.0	0.3385
511.0	0.0175	-0.0	0.3392
512.0	0.0256	-0.0	0.3418
513.0	0.0237	-0.0	0.3412
514.0	0.0236	-0.0	0.3412
515.0	0.025	-0.0	0.3417
516.0	0.0215	-0.0	0.3405
517.0	0.0167	-0.0	0.3389
518.0	0.021	-0.0	0.3403
519.0	0.015	-0.0	0.3383
520.0	0.0233	-0.0	0.3411
521.0	0.0145	-0.0	0.3382
522.0	0.0315	-0.0	0.3438
523.0	0.0227	-0.0	0.3409
524.0	0.0226	-0.0	0.3409
525.0	0.0215	-0.0	0.3405
526.0	0.0219	-0.0	0.3406
527.0	0.0161	-0.0	0.3387
528.0	0.0169	-0.0	0.339
529.0	0.015	-0.0	0.3383
530.0	0.0232	-0.0	0.3411
531.0	0.0273	-0.0	0.3424
532.0	0.0145	-0.0	0.3382
533.0	0.0233	-0.0	0.3411
534.0	0.0271	-0.0	0.3424
535.0	0.023	-0.0	0.341
536.0	0.0339	-0.0	0.3446
537.0	0.0104	-0.0	0.3368
538.0	0.0185	-0.0	0.3395
539.0	0.0239	-0.0	0.3413
540.0	0.0137	-0.0	0.3379
541.0	0.0212	-0.0	0.3404
542.0	0.0332	0.0	0.3444
543.0	0.016	-0.0	0.3387
544.0	0.0241	-0.0	0.3414
545.0	0.0262	-0.0	0.3421
546.0	0.029	-0.0	0.343
547.0	0.0119	-0.0	0.3373
548.0	0.0161	-0.0	0.3387
549.0	0.0221	-0.0	0.3407
550.0	0.0338	-0.0	0.3446
551.0	0.0223	-0.0	0.3408
552.0	0.0203	-0.0	0.3401
553.0	0.0178	-0.0	0.3393
554.0	0.0186	-0.0	0.3395
555.0	0.0201	0.0	0.34
556.0	0.026	-0.0	0.342
557.0	0.0126	-0.0	0.3375
558.0	0.0177	-0.0	0.3392
559.0	0.0185	-0.0	0.3395
560.0	0.0177	-0.0	0.3392
561.0	0.0126	-0.0	0.3375
562.0	0.0244	0.0	0.3415
563.0	0.0181	0.0	0.3394
564.0	0.0169	-0.0	0.339
565.0	0.0154	-0.0	0.3385
566.0	0.0199	-0.0	0.34
567.0	0.0132	-0.0	0.3377
568.0	0.0117	-0.0	0.3372
569.0	0.0087	-0.0	0.3362
570.0	0.022	-0.0	0.3407
571.0	0.0151	-0.0	0.3384
572.0	0.0291	-0.0	0.343
573.0	0.0115	0.0	0.3372
574.0	0.0165	-0.0	0.3388
575.0	0.0207	-0.0	0.3402
576.0	0.0104	0.0	0.3368
577.0	0.025	-0.0	0.3417
578.0	0.012	-0.0	0.3373
579.0	0.0266	-0.0	0.3422
580.0	0.0119	0.0	0.3373
581.0	0.0297	-0.0	0.3432
582.0	0.0162	-0.0	0.3387
583.0	0.0137	-0.0	0.3379
584.0	0.0199	-0.0	0.34
585.0	0.0192	-0.0	0.3397
586.0	0.0119	-0.0	0.3373
587.0	0.0198	-0.0	0.3399
588.0	0.0186	-0.0	0.3395
589.0	0.0184	-0.0	0.3395
590.0	0.0202	-0.0	0.3401
591.0	0.0127	-0.0	0.3376
592.0	0.0185	-0.0	0.3395
593.0	0.0226	-0.0	0.3409
594.0	0.0194	-0.0	0.3398
595.0	0.0298	0.0	0.3433
596.0	0.0198	-0.0	0.3399
597.0	0.0135	-0.0	0.3378
598.0	0.0278	-0.0	0.3426
599.0	0.0189	-0.0	0.3396
600.0	0.0139	-0.0	0.338
601.0	0.0115	-0.0	0.3372
602.0	0.0217	-0.0	0.3406
603.0	0.0156	0.0	0.3385
604.0	0.0274	-0.0	0.3425
605.0	0.0215	0.0	0.3405
606.0	0.0208	-0.0	0.3403
607.0	0.0164	-0.0	0.3388
608.0	0.0151	0.0	0.3384
609.0	0.0329	-0.0	0.3443
610.0	0.0209	-0.0	0.3403
611.0	0.0067	0.0	0.3356
612.0	0.0222	-0.0	0.3407
613.0	0.0212	-0.0	0.3404
614.0	0.0151	-0.0	0.3384
615.0	0.0202	-0.0	0.3401
616.0	0.0261	-0.0	0.342
617.0	0.0167	-0.0	0.3389
618.0	0.0173	-0.0	0.3391
619.0	0.0154	-0.0	0.3385
620.0	0.0244	0.0	0.3415
621.0	0.0177	-0.0	0.3392
622.0	0.0191	-0.0	0.3397
623.0	0.0278	-0.0	0.3426
624.0	0.0296	-0.0	0.3432
625.0	0.0212	-0.0	0.3404
626.0	0.0166	-0.0	0.3389
627.0	0.0147	-0.0	0.3382
628.0	0.0128	-0.0	0.3376
629.0	0.0102	-0.0	0.3367
630.0	0.0215	-0.0	0.3405
631.0	0.0261	-0.0	0.342
632.0	0.0188	-0.0	0.3396
633.0	0.0207	-0.0	0.3402
634.0	0.025	-0.0	0.3417
635.0	0.0215	-0.0	0.3405
636.0	0.0277	-0.0	0.3426
637.0	0.0132	0.0	0.3377
638.0	0.0225	-0.0	0.3408
639.0	0.0078	-0.0	0.3359
640.0	0.0213	0.0	0.3404
641.0	0.0246	-0.0	0.3415
642.0	0.0266	-0.0	0.3422
643.0	0.0229	0.0	0.341
644.0	0.0214	-0.0	0.3405
645.0	0.0117	-0.0	0.3372
646.0	0.017	-0.0	0.339
647.0	0.034	-0.0	0.3447
648.0	0.0211	-0.0	0.3404
649.0	0.02	-0.0	0.34
650.0	0.0146	-0.0	0.3382
651.0	0.0083	-0.0	0.3361
652.0	0.021	-0.0	0.3403
653.0	0.0251	0.0	0.3417
654.0	0.0129	-0.0	0.3376
655.0	0.0257	-0.0	0.3419
656.0	0.0289	-0.0	0.343
657.0	0.0209	-0.0	0.3403
658.0	0.0172	-0.0	0.3391
659.0	0.0166	-0.0	0.3389
660.0	0.0116	-0.0	0.3372
661.0	0.021	-0.0	0.3403
662.0	0.0184	-0.0	0.3395
663.0	0.0252	-0.0	0.3417
664.0	0.0201	-0.0	0.34
665.0	0.0201	-0.0	0.34
666.0	0.0224	-0.0	0.3408
667.0	0.031	-0.0	0.3437
668.0	0.0266	-0.0	0.3422
669.0	0.0228	-0.0	0.3409
670.0	0.0245	-0.0	0.3415
671.0	0.0248	-0.0	0.3416
672.0	0.0314	-0.0	0.3438
673.0	0.021	0.0	0.3403
674.0	0.0201	-0.0	0.34
675.0	0.0213	-0.0	0.3404
676.0	0.0118	-0.0	0.3373
677.0	0.0133	-0.0	0.3378
678.0	0.0189	-0.0	0.3396
679.0	0.019	-0.0	0.3397
680.0	0.0157	-0.0	0.3386
681.0	0.0207	0.0	0.3402
682.0	0.0338	0.0	0.3446
683.0	0.0321	-0.0	0.344
684.0	0.0218	-0.0	0.3406
685.0	0.0412	-0.0	0.3471
686.0	0.0146	0.0	0.3382
687.0	0.0099	-0.0	0.3366
688.0	0.0056	0.0	0.3352
689.0	0.0162	-0.0	0.3387
690.0	0.0139	-0.0	0.338
691.0	0.0181	0.0	0.3394
692.0	0.03	-0.0	0.3433
693.0	0.0148	-0.0	0.3383
694.0	0.0233	-0.0	0.3411
695.0	0.0133	0.0	0.3378
696.0	0.0184	-0.0	0.3395
697.0	0.0211	-0.0	0.3404
698.0	0.0208	-0.0	0.3403
699.0	0.0297	0.0	0.3432
700.0	0.012	-0.0	0.3373
701.0	0.0172	-0.0	0.3391
702.0	0.0226	-0.0	0.3409
703.0	0.0348	-0.0	0.3449
704.0	0.0123	-0.0	0.3374
705.0	0.0129	-0.0	0.3376
706.0	0.0192	-0.0	0.3397
707.0	0.0248	-0.0	0.3416
708.0	0.0217	-0.0	0.3406
709.0	0.022	-0.0	0.3407
710.0	0.0195	0.0	0.3398
711.0	0.0193	-0.0	0.3398
712.0	0.0231	-0.0	0.341
713.0	0.0276	0.0	0.3425
714.0	0.0225	0.0	0.3408
715.0	0.0183	-0.0	0.3394
716.0	0.0137	-0.0	0.3379
717.0	0.0134	-0.0	0.3378
718.0	0.0193	-0.0	0.3398
719.0	0.0129	-0.0	0.3376
720.0	0.0251	-0.0	0.3417
721.0	0.0211	-0.0	0.3404
722.0	0.0167	0.0	0.3389
723.0	0.0248	0.0	0.3416
724.0	0.0148	-0.0	0.3383
725.0	0.0221	-0.0	0.3407
726.0	0.0112	-0.0	0.3371
727.0	0.0177	-0.0	0.3392
728.0	0.0199	-0.0	0.34
729.0	0.0197	-0.0	0.3399
730.0	0.0115	0.0	0.3372
731.0	0.0218	-0.0	0.3406
732.0	0.018	-0.0	0.3393
733.0	0.0334	-0.0	0.3445
734.0	0.017	-0.0	0.339
735.0	0.0127	-0.0	0.3376
736.0	0.0093	-0.0	0.3364
737.0	0.0172	-0.0	0.3391
738.0	0.0316	-0.0	0.3439
739.0	0.0177	-0.0	0.3392
740.0	0.0209	-0.0	0.3403
741.0	0.0244	0.0	0.3415
742.0	0.0135	-0.0	0.3378
743.0	0.0255	-0.0	0.3418
744.0	0.0162	-0.0	0.3387
745.0	0.0132	-0.0	0.3377
746.0	0.0157	-0.0	0.3386
747.0	0.0291	-0.0	0.343
748.0	0.0112	0.0	0.3371
749.0	0.0421	-0.0	0.3474
750.0	0.0238	-0.0	0.3413
751.0	0.0281	-0.0	0.3427
752.0	0.0179	-0.0	0.3393
753.0	0.0201	-0.0	0.34
754.0	0.0265	-0.0	0.3422
755.0	0.015	0.0	0.3383
756.0	0.0204	-0.0	0.3401
757.0	0.0177	-0.0	0.3392
758.0	0.0221	-0.0	0.3407
759.0	0.0095	0.0	0.3365
760.0	0.0183	-0.0	0.3394
761.0	0.0191	-0.0	0.3397
762.0	0.0255	-0.0	0.3418
763.0	0.0322	-0.0	0.3441
764.0	0.0127	-0.0	0.3376
765.0	0.0176	-0.0	0.3392
766.0	0.0278	-0.0	0.3426
767.0	0.0129	-0.0	0.3376
768.0	0.0211	-0.0	0.3404
769.0	0.0299	-0.0	0.3433
770.0	0.0178	-0.0	0.3393
771.0	0.0155	-0.0	0.3385
772.0	0.0181	-0.0	0.3394
773.0	0.0183	-0.0	0.3394
774.0	0.0182	-0.0	0.3394
775.0	0.013	-0.0	0.3377
776.0	0.0212	-0.0	0.3404
777.0	0.0241	-0.0	0.3414
778.0	0.0181	-0.0	0.3394
779.0	0.0147	-0.0	0.3382
780.0	0.0296	-0.0	0.3432
781.0	0.0161	-0.0	0.3387
782.0	0.0185	-0.0	0.3395
783.0	0.0149	-0.0	0.3383
784.0	0.0089	0.0	0.3363
785.0	0.0194	-0.0	0.3398
786.0	0.0205	-0.0	0.3402
787.0	0.0306	0.0	0.3435
788.0	0.0184	-0.0	0.3395
789.0	0.031	-0.0	0.3437
790.0	0.0255	-0.0	0.3418
791.0	0.018	-0.0	0.3393
792.0	0.0289	-0.0	0.343
793.0	0.0303	0.0	0.3434
794.0	0.0066	-0.0	0.3355
795.0	0.0147	-0.0	0.3382
796.0	0.0253	-0.0	0.3418
797.0	0.0223	-0.0	0.3408
798.0	0.0156	-0.0	0.3385
799.0	0.0171	-0.0	0.339
800.0	0.0219	-0.0	0.3406
801.0	0.0285	-0.0	0.3428
802.0	0.0195	-0.0	0.3398
803.0	0.0093	-0.0	0.3364
804.0	0.0239	-0.0	0.3413
805.0	0.0133	-0.0	0.3378
806.0	0.0209	-0.0	0.3403
807.0	0.0354	-0.0	0.3451
808.0	0.0187	-0.0	0.3396
809.0	0.0116	-0.0	0.3372
810.0	0.0237	-0.0	0.3412
811.0	0.0286	-0.0	0.3429
812.0	0.025	-0.0	0.3417
813.0	0.0186	-0.0	0.3395
814.0	0.0174	-0.0	0.3391
815.0	0.04	-0.0	0.3467
816.0	0.0232	-0.0	0.3411
817.0	0.0103	-0.0	0.3368
818.0	0.0218	0.0	0.3406
819.0	0.0149	-0.0	0.3383
820.0	0.0183	-0.0	0.3394
821.0	0.0266	-0.0	0.3422
822.0	0.0225	-0.0	0.3408
823.0	0.0175	-0.0	0.3392
824.0	0.0249	0.0	0.3416
825.0	0.026	-0.0	0.342
826.0	0.0179	-0.0	0.3393
827.0	0.0201	-0.0	0.34
828.0	0.0124	0.0	0.3375
829.0	0.0181	0.0	0.3394
830.0	0.0208	-0.0	0.3403
831.0	0.0159	-0.0	0.3386
832.0	0.025	-0.0	0.3417
833.0	0.0205	-0.0	0.3402
834.0	0.0074	-0.0	0.3358
835.0	0.0282	-0.0	0.3427
836.0	0.0148	-0.0	0.3383
837.0	0.0212	-0.0	0.3404
838.0	0.0298	-0.0	0.3433
839.0	0.028	-0.0	0.3427
840.0	0.0237	-0.0	0.3412
841.0	0.0222	-0.0	0.3407
842.0	0.0334	-0.0	0.3445
843.0	0.0092	-0.0	0.3364
844.0	0.0212	-0.0	0.3404
845.0	0.0216	-0.0	0.3405
846.0	0.0115	0.0	0.3372
847.0	0.0229	-0.0	0.341
848.0	0.0362	-0.0	0.3454
849.0	0.0144	-0.0	0.3381
850.0	0.0217	-0.0	0.3406
851.0	0.0198	-0.0	0.3399
852.0	0.017	-0.0	0.339
853.0	0.0227	-0.0	0.3409
854.0	0.0175	-0.0	0.3392
855.0	0.0161	-0.0	0.3387
856.0	0.0326	-0.0	0.3442
857.0	0.0277	-0.0	0.3426
858.0	0.025	0.0	0.3417
859.0	0.0157	-0.0	0.3386
860.0	0.02	0.0	0.34
861.0	0.0238	-0.0	0.3413
862.0	0.0319	-0.0	0.344
863.0	0.0267	-0.0	0.3422
864.0	0.0212	-0.0	0.3404
865.0	0.0351	-0.0	0.345
866.0	0.0288	0.0	0.3429
867.0	0.0244	-0.0	0.3415
868.0	0.0242	-0.0	0.3414
869.0	0.0143	-0.0	0.3381
870.0	0.027	0.0	0.3423
871.0	0.0236	-0.0	0.3412
872.0	0.0292	-0.0	0.3431
873.0	0.0249	-0.0	0.3416
874.0	0.014	0.0	0.338
875.0	0.0237	-0.0	0.3412
876.0	0.0298	-0.0	0.3433
877.0	0.0163	-0.0	0.3388
878.0	0.0243	-0.0	0.3414
879.0	0.0148	0.0	0.3383
880.0	0.0166	0.0	0.3389
881.0	0.0197	-0.0	0.3399
882.0	0.0203	-0.0	0.3401
883.0	0.024	-0.0	0.3413
884.0	0.0179	-0.0	0.3393
885.0	0.0347	-0.0	0.3449
886.0	0.0193	-0.0	0.3398
887.0	0.0169	-0.0	0.339
888.0	0.0207	-0.0	0.3402
889.0	0.0195	-0.0	0.3398
890.0	0.0157	-0.0	0.3386
891.0	0.0302	-0.0	0.3434
892.0	0.017	0.0	0.339
893.0	0.0149	-0.0	0.3383
894.0	0.0242	-0.0	0.3414
895.0	0.0091	0.0	0.3364
896.0	0.0145	-0.0	0.3382
897.0	0.0191	-0.0	0.3397
898.0	0.0156	-0.0	0.3385
899.0	0.0273	-0.0	0.3424
900.0	0.0167	-0.0	0.3389
901.0	0.0177	-0.0	0.3392
902.0	0.0183	-0.0	0.3394
903.0	0.0173	-0.0	0.3391
904.0	0.0164	0.0	0.3388
905.0	0.0151	-0.0	0.3384
906.0	0.0296	-0.0	0.3432
907.0	0.0132	0.0	0.3377
908.0	0.0297	-0.0	0.3432
909.0	0.0246	-0.0	0.3415
910.0	0.0268	-0.0	0.3423
911.0	0.0144	-0.0	0.3381
912.0	0.0168	0.0	0.3389
913.0	0.0158	-0.0	0.3386
914.0	0.0197	-0.0	0.3399
915.0	0.0171	-0.0	0.339
916.0	0.0254	-0.0	0.3418
917.0	0.0204	-0.0	0.3401
918.0	0.0235	-0.0	0.3412
919.0	0.0171	-0.0	0.339
920.0	0.0241	-0.0	0.3414
921.0	0.0128	-0.0	0.3376
922.0	0.0139	-0.0	0.338
923.0	0.02	-0.0	0.34
924.0	0.0254	-0.0	0.3418
925.0	0.0236	-0.0	0.3412
926.0	0.0193	-0.0	0.3398
927.0	0.0156	-0.0	0.3385
928.0	0.0207	-0.0	0.3402
929.0	0.0124	0.0	0.3375
930.0	0.022	-0.0	0.3407
931.0	0.0155	-0.0	0.3385
932.0	0.0069	-0.0	0.3356
933.0	0.0184	-0.0	0.3395
934.0	0.0233	0.0	0.3411
935.0	0.0214	-0.0	0.3405
936.0	0.0172	-0.0	0.3391
937.0	0.0203	-0.0	0.3401
938.0	0.0296	-0.0	0.3432
939.0	0.018	-0.0	0.3393
940.0	0.0232	-0.0	0.3411
941.0	0.0221	-0.0	0.3407
942.0	0.0217	-0.0	0.3406
943.0	0.0116	0.0	0.3372
944.0	0.0204	-0.0	0.3401
945.0	0.0191	-0.0	0.3397
946.0	0.0166	-0.0	0.3389
947.0	0.0197	-0.0	0.3399
948.0	0.0174	0.0	0.3391
949.0	0.0294	0.0	0.3431
950.0	0.0212	-0.0	0.3404
951.0	0.0165	-0.0	0.3388
952.0	0.0167	-0.0	0.3389
953.0	0.0187	-0.0	0.3396
954.0	0.0149	-0.0	0.3383
955.0	0.0143	-0.0	0.3381
956.0	0.0196	-0.0	0.3399
957.0	0.0169	-0.0	0.339
958.0	0.0246	-0.0	0.3415
959.0	0.0253	-0.0	0.3418
960.0	0.0116	0.0	0.3372
961.0	0.0245	-0.0	0.3415
962.0	0.0212	-0.0	0.3404
963.0	0.022	-0.0	0.3407
964.0	0.0134	-0.0	0.3378
965.0	0.0167	-0.0	0.3389
966.0	0.0181	-0.0	0.3394
967.0	0.021	-0.0	0.3403
968.0	0.0179	-0.0	0.3393
969.0	0.0177	-0.0	0.3392
970.0	0.0278	-0.0	0.3426
971.0	0.0128	-0.0	0.3376
972.0	0.0186	-0.0	0.3395
973.0	0.0226	-0.0	0.3409
974.0	0.0129	-0.0	0.3376
975.0	0.0199	-0.0	0.34
976.0	0.0226	-0.0	0.3409
977.0	0.0262	0.0	0.3421
978.0	0.0144	0.0	0.3381
979.0	0.0225	-0.0	0.3408
980.0	0.0145	-0.0	0.3382
981.0	0.0149	0.0	0.3383
982.0	0.0201	-0.0	0.34
983.0	0.0187	-0.0	0.3396
984.0	0.0209	-0.0	0.3403
985.0	0.0175	-0.0	0.3392
986.0	0.0114	-0.0	0.3371
987.0	0.0118	-0.0	0.3373
988.0	0.0302	-0.0	0.3434
989.0	0.0183	-0.0	0.3394
990.0	0.021	-0.0	0.3403
991.0	0.0283	-0.0	0.3428
992.0	0.0138	0.0	0.3379
993.0	0.032	-0.0	0.344
994.0	0.0223	-0.0	0.3408
995.0	0.0124	-0.0	0.3375
996.0	0.0236	-0.0	0.3412
997.0	0.0158	-0.0	0.3386
998.0	0.014	0.0	0.338
999.0	0.0119	-0.0	0.3373
1000.0	0.0223	-0.0	0.3408
