1.0	0.0314	-0.0	0.3438
2.0	0.0594	-0.0	0.3531
3.0	0.0526	-0.0	0.3509
4.0	0.0514	-0.0	0.3505
5.0	0.0768	-0.0	0.3589
6.0	0.0374	-0.0	0.3458
7.0	0.0492	-0.0	0.3497
8.0	0.0621	-0.0	0.354
9.0	0.0574	-0.0	0.3525
10.0	0.0493	-0.0	0.3498
11.0	0.0472	-0.0	0.3491
12.0	0.0625	-0.0	0.3542
13.0	0.0779	-0.0	0.3593
14.0	0.0443	-0.0	0.3481
15.0	0.0726	-0.0	0.3575
16.0	0.0666	-0.0	0.3555
17.0	0.0497	-0.0	0.3499
18.0	0.0534	-0.0	0.3511
19.0	0.0479	-0.0	0.3493
20.0	0.0637	-0.0	0.3546
21.0	0.06	-0.0	0.3533
22.0	0.0474	-0.0	0.3491
23.0	0.0365	-0.0	0.3455
24.0	0.0725	-0.0	0.3575
25.0	0.075	-0.0	0.3583
26.0	0.059	-0.0	0.353
27.0	0.0413	-0.0	0.3471
28.0	0.0847	-0.0	0.3616
29.0	0.069	-0.0	0.3563
30.0	0.0455	0.0	0.3485
31.0	0.0665	-0.0	0.3555
32.0	0.0645	-0.0	0.3548
33.0	0.0344	-0.0	0.3448
34.0	0.0646	-0.0	0.3549
35.0	0.0754	-0.0	0.3585
36.0	0.0599	-0.0	0.3533
37.0	0.0632	-0.0	0.3544
38.0	0.0505	-0.0	0.3502
39.0	0.0589	0.0	0.353
40.0	0.0753	-0.0	0.3584
41.0	0.0421	-0.0	0.3474
42.0	0.0349	-0.0	0.345
43.0	0.0681	-0.0	0.356
44.0	0.0473	-0.0	0.3491
45.0	0.0589	-0.0	0.353
46.0	0.0824	-0.0	0.3608
47.0	0.0353	-0.0	0.3451
48.0	0.062	-0.0	0.354
49.0	0.0696	-0.0	0.3565
50.0	0.0612	-0.0	0.3537
51.0	0.0505	-0.0	0.3502
52.0	0.0705	-0.0	0.3568
53.0	0.0451	-0.0	0.3484
54.0	0.0578	-0.0	0.3526
55.0	0.0621	-0.0	0.354
56.0	0.0733	-0.0	0.3578
57.0	0.051	-0.0	0.3503
58.0	0.0652	-0.0	0.3551
59.0	0.0398	-0.0	0.3466
60.0	0.07	0.0	0.3567
61.0	0.0635	-0.0	0.3545
62.0	0.0506	-0.0	0.3502
63.0	0.0589	-0.0	0.353
64.0	0.0678	-0.0	0.3559
65.0	0.0408	-0.0	0.3469
66.0	0.0502	-0.0	0.3501
67.0	0.0407	-0.0	0.3469
68.0	0.0448	-0.0	0.3483
69.0	0.0676	-0.0	0.3559
70.0	0.0549	-0.0	0.3516
71.0	0.0546	-0.0	0.3515
72.0	0.0673	-0.0	0.3558
73.0	0.0667	-0.0	0.3556
74.0	0.0546	-0.0	0.3515
75.0	0.0457	-0.0	0.3486
76.0	0.0296	-0.0	0.3432
77.0	0.0739	-0.0	0.358
78.0	0.0571	-0.0	0.3524
79.0	0.0594	-0.0	0.3531
80.0	0.0639	-0.0	0.3546
81.0	0.0567	-0.0	0.3522
82.0	0.0851	-0.0	0.3617
83.0	0.085	-0.0	0.3617
84.0	0.0589	-0.0	0.353
85.0	0.0755	-0.0	0.3585
86.0	0.0619	-0.0	0.354
87.0	0.0278	-0.0	0.3426
88.0	0.0336	-0.0	0.3445
89.0	0.059	-0.0	0.353
90.0	0.0457	-0.0	0.3486
91.0	0.0475	-0.0	0.3492
92.0	0.0566	-0.0	0.3522
93.0	0.1028	-0.0	0.3676
94.0	0.0375	-0.0	0.3458
95.0	0.0637	-0.0	0.3546
96.0	0.0469	-0.0	0.349
97.0	0.0506	-0.0	0.3502
98.0	0.0917	-0.0	0.3639
99.0	0.0709	-0.0	0.357
100.0	0.0798	0.0	0.3599
101.0	0.0666	-0.0	0.3555
102.0	0.0635	-0.0	0.3545
103.0	0.0618	0.0	0.3539
104.0	0.067	-0.0	0.3557
105.0	0.0601	-0.0	0.3534
106.0	0.0748	-0.0	0.3583
107.0	0.0621	-0.0	0.354
108.0	0.0482	-0.0	0.3494
109.0	0.0675	-0.0	0.3558
110.0	0.0899	-0.0	0.3633
111.0	0.0553	-0.0	0.3518
112.0	0.0605	-0.0	0.3535
113.0	0.0643	-0.0	0.3548
114.0	0.0885	-0.0	0.3628
115.0	0.0545	-0.0	0.3515
116.0	0.078	-0.0	0.3593
117.0	0.0585	-0.0	0.3528
118.0	0.0499	-0.0	0.35
119.0	0.056	-0.0	0.352
120.0	0.0567	-0.0	0.3522
121.0	0.0789	-0.0	0.3596
122.0	0.0598	-0.0	0.3533
123.0	0.0589	-0.0	0.353
124.0	0.0375	-0.0	0.3458
125.0	0.036	-0.0	0.3453
126.0	0.0737	-0.0	0.3579
127.0	0.0641	-0.0	0.3547
128.0	0.0404	0.0	0.3468
129.0	0.0488	0.0	0.3496
130.0	0.0698	-0.0	0.3566
131.0	0.0501	0.0	0.35
132.0	0.0634	-0.0	0.3545
133.0	0.0733	-0.0	0.3578
134.0	0.0448	-0.0	0.3483
135.0	0.0775	-0.0	0.3592
136.0	0.0426	-0.0	0.3475
137.0	0.0835	0.0	0.3612
138.0	0.0893	-0.0	0.3631
139.0	0.0508	-0.0	0.3503
140.0	0.0308	-0.0	0.3436
141.0	0.0518	-0.0	0.3506
142.0	0.0664	-0.0	0.3555
143.0	0.085	-0.0	0.3617
144.0	0.0441	-0.0	0.348
145.0	0.0642	-0.0	0.3547
146.0	0.0314	-0.0	0.3438
147.0	0.083	-0.0	0.361
148.0	0.0355	0.0	0.3452
149.0	0.0519	-0.0	0.3506
150.0	0.0866	-0.0	0.3622
151.0	0.0437	-0.0	0.3479
152.0	0.0364	-0.0	0.3455
153.0	0.0542	-0.0	0.3514
154.0	0.0813	0.0	0.3604
155.0	0.0554	-0.0	0.3518
156.0	0.0538	-0.0	0.3513
157.0	0.0276	-0.0	0.3425
158.0	0.0525	-0.0	0.3508
159.0	0.0591	-0.0	0.353
160.0	0.0486	-0.0	0.3495
161.0	0.0358	-0.0	0.3453
162.0	0.0671	-0.0	0.3557
163.0	0.0548	-0.0	0.3516
164.0	0.0707	-0.0	0.3569
165.0	0.0874	0.0	0.3625
166.0	0.0332	-0.0	0.3444
167.0	0.0674	-0.0	0.3558
168.0	0.0638	-0.0	0.3546
169.0	0.0526	-0.0	0.3509
170.0	0.0425	-0.0	0.3475
171.0	0.026	-0.0	0.342
172.0	0.0451	-0.0	0.3484
173.0	0.0507	-0.0	0.3502
174.0	0.0321	-0.0	0.344
175.0	0.0414	-0.0	0.3471
176.0	0.0592	-0.0	0.3531
177.0	0.0633	-0.0	0.3544
178.0	0.0487	-0.0	0.3496
179.0	0.0602	-0.0	0.3534
180.0	0.0952	-0.0	0.3651
181.0	0.0828	-0.0	0.3609
182.0	0.0675	-0.0	0.3558
183.0	0.0577	-0.0	0.3526
184.0	0.0605	-0.0	0.3535
185.0	0.0481	-0.0	0.3494
186.0	0.0955	-0.0	0.3652
187.0	0.0501	-0.0	0.35
188.0	0.0583	-0.0	0.3528
189.0	0.0275	-0.0	0.3425
190.0	0.0911	-0.0	0.3637
191.0	0.051	-0.0	0.3503
192.0	0.0462	-0.0	0.3487
193.0	0.0465	-0.0	0.3488
194.0	0.0858	-0.0	0.3619
195.0	0.0412	-0.0	0.3471
196.0	0.0374	-0.0	0.3458
197.0	0.0543	-0.0	0.3514
198.0	0.0854	-0.0	0.3618
199.0	0.0691	-0.0	0.3564
200.0	0.0406	-0.0	0.3469
201.0	0.0511	-0.0	0.3504
202.0	0.0431	-0.0	0.3477
203.0	0.1034	-0.0	0.3678
204.0	0.0594	-0.0	0.3531
205.0	0.0613	-0.0	0.3538
206.0	0.0664	-0.0	0.3555
207.0	0.0501	-0.0	0.35
208.0	0.0447	-0.0	0.3482
209.0	0.0475	-0.0	0.3492
210.0	0.0439	-0.0	0.348
211.0	0.0526	-0.0	0.3509
212.0	0.0602	-0.0	0.3534
213.0	0.0623	-0.0	0.3541
214.0	0.0587	-0.0	0.3529
215.0	0.0336	-0.0	0.3445
216.0	0.0846	-0.0	0.3615
217.0	0.0647	-0.0	0.3549
218.0	0.0788	-0.0	0.3596
219.0	0.0592	-0.0	0.3531
220.0	0.0741	-0.0	0.358
221.0	0.064	-0.0	0.3547
222.0	0.0489	-0.0	0.3496
223.0	0.0333	0.0	0.3444
224.0	0.0538	0.0	0.3513
225.0	0.0606	-0.0	0.3535
226.0	0.0542	-0.0	0.3514
227.0	0.0441	-0.0	0.348
228.0	0.0573	-0.0	0.3524
229.0	0.0602	-0.0	0.3534
230.0	0.0498	-0.0	0.3499
231.0	0.0471	-0.0	0.349
232.0	0.0546	-0.0	0.3515
233.0	0.0404	-0.0	0.3468
234.0	0.0676	-0.0	0.3559
235.0	0.0543	-0.0	0.3514
236.0	0.0633	-0.0	0.3544
237.0	0.0832	-0.0	0.3611
238.0	0.0713	-0.0	0.3571
239.0	0.0475	-0.0	0.3492
240.0	0.0989	-0.0	0.3663
241.0	0.0412	-0.0	0.3471
242.0	0.0503	-0.0	0.3501
243.0	0.0587	-0.0	0.3529
244.0	0.0696	-0.0	0.3565
245.0	0.0547	-0.0	0.3516
246.0	0.0623	-0.0	0.3541
247.0	0.0492	-0.0	0.3497
248.0	0.0216	-0.0	0.3405
249.0	0.0569	-0.0	0.3523
250.0	0.0538	-0.0	0.3513
251.0	0.0391	0.0	0.3464
252.0	0.0464	-0.0	0.3488
253.0	0.0546	-0.0	0.3515
254.0	0.0785	-0.0	0.3595
255.0	0.0548	-0.0	0.3516
256.0	0.0659	-0.0	0.3553
257.0	0.0509	-0.0	0.3503
258.0	0.055	-0.0	0.3517
259.0	0.0716	-0.0	0.3572
260.0	0.0761	-0.0	0.3587
261.0	0.0741	-0.0	0.358
262.0	0.0423	-0.0	0.3474
263.0	0.0793	-0.0	0.3598
264.0	0.0396	-0.0	0.3465
265.0	0.0367	-0.0	0.3456
266.0	0.0542	-0.0	0.3514
267.0	0.0772	-0.0	0.3591
268.0	0.0711	-0.0	0.357
269.0	0.031	-0.0	0.3437
270.0	0.0314	-0.0	0.3438
271.0	0.0637	-0.0	0.3546
272.0	0.0524	-0.0	0.3508
273.0	0.0436	-0.0	0.3479
274.0	0.0856	-0.0	0.3619
275.0	0.0504	-0.0	0.3501
276.0	0.0447	0.0	0.3482
277.0	0.0727	-0.0	0.3576
278.0	0.0413	-0.0	0.3471
279.0	0.0395	-0.0	0.3465
280.0	0.0477	-0.0	0.3492
281.0	0.0676	-0.0	0.3559
282.0	0.0846	-0.0	0.3615
283.0	0.0883	-0.0	0.3628
284.0	0.0538	-0.0	0.3513
285.0	0.0383	-0.0	0.3461
286.0	0.0574	-0.0	0.3525
287.0	0.0727	-0.0	0.3576
288.0	0.0637	-0.0	0.3546
289.0	0.0553	-0.0	0.3518
290.0	0.0805	-0.0	0.3602
291.0	0.0798	-0.0	0.3599
292.0	0.0778	-0.0	0.3593
293.0	0.0556	-0.0	0.3519
294.0	0.0544	-0.0	0.3515
295.0	0.0358	-0.0	0.3453
296.0	0.0475	-0.0	0.3492
297.0	0.0736	0.0	0.3579
298.0	0.0978	-0.0	0.3659
299.0	0.0694	-0.0	0.3565
300.0	0.0438	-0.0	0.3479
301.0	0.0824	-0.0	0.3608
302.0	0.0417	-0.0	0.3472
303.0	0.0424	-0.0	0.3475
304.0	0.0647	-0.0	0.3549
305.0	0.0295	0.0	0.3432
306.0	0.0825	-0.0	0.3608
307.0	0.0578	-0.0	0.3526
308.0	0.0573	-0.0	0.3524
309.0	0.0203	-0.0	0.3401
310.0	0.0704	-0.0	0.3568
311.0	0.0649	-0.0	0.355
312.0	0.043	-0.0	0.3477
313.0	0.0316	-0.0	0.3439
314.0	0.0679	-0.0	0.356
315.0	0.0608	-0.0	0.3536
316.0	0.0721	-0.0	0.3574
317.0	0.0718	-0.0	0.3573
318.0	0.0334	-0.0	0.3445
319.0	0.097	-0.0	0.3657
320.0	0.0558	-0.0	0.3519
321.0	0.0449	-0.0	0.3483
322.0	0.0611	-0.0	0.3537
323.0	0.0743	-0.0	0.3581
324.0	0.0487	-0.0	0.3496
325.0	0.0797	-0.0	0.3599
326.0	0.0474	-0.0	0.3491
327.0	0.0332	0.0	0.3444
328.0	0.0661	-0.0	0.3554
329.0	0.0396	-0.0	0.3465
330.0	0.048	-0.0	0.3493
331.0	0.0648	-0.0	0.3549
332.0	0.084	-0.0	0.3613
333.0	0.0582	-0.0	0.3527
334.0	0.0542	-0.0	0.3514
335.0	0.0432	-0.0	0.3477
336.0	0.0839	-0.0	0.3613
337.0	0.0325	-0.0	0.3442
338.0	0.0489	-0.0	0.3496
339.0	0.068	-0.0	0.356
340.0	0.0639	-0.0	0.3546
341.0	0.0676	-0.0	0.3559
342.0	0.0526	-0.0	0.3509
343.0	0.0605	-0.0	0.3535
344.0	0.0689	-0.0	0.3563
345.0	0.0826	-0.0	0.3609
346.0	0.0781	-0.0	0.3594
347.0	0.053	-0.0	0.351
348.0	0.07	-0.0	0.3567
349.0	0.0614	0.0	0.3538
350.0	0.0651	-0.0	0.355
351.0	0.0592	-0.0	0.3531
352.0	0.069	-0.0	0.3563
353.0	0.0707	-0.0	0.3569
354.0	0.0584	-0.0	0.3528
355.0	0.037	-0.0	0.3457
356.0	0.047	-0.0	0.349
357.0	0.0754	-0.0	0.3585
358.0	0.0831	-0.0	0.361
359.0	0.0522	-0.0	0.3507
360.0	0.0661	-0.0	0.3554
361.0	0.0677	-0.0	0.3559
362.0	0.0583	-0.0	0.3528
363.0	0.0589	-0.0	0.353
364.0	0.0495	-0.0	0.3498
365.0	0.0888	-0.0	0.3629
366.0	0.0768	-0.0	0.3589
367.0	0.0556	-0.0	0.3519
368.0	0.0841	-0.0	0.3614
369.0	0.0326	-0.0	0.3442
370.0	0.0748	-0.0	0.3583
371.0	0.0612	-0.0	0.3537
372.0	0.0733	-0.0	0.3578
373.0	0.052	-0.0	0.3507
374.0	0.0928	-0.0	0.3643
375.0	0.0601	-0.0	0.3534
376.0	0.0904	-0.0	0.3635
377.0	0.0463	-0.0	0.3488
378.0	0.0557	-0.0	0.3519
379.0	0.0912	-0.0	0.3637
380.0	0.0589	-0.0	0.353
381.0	0.0522	-0.0	0.3507
382.0	0.0738	-0.0	0.3579
383.0	0.0566	-0.0	0.3522
384.0	0.0455	-0.0	0.3485
385.0	0.0599	-0.0	0.3533
386.0	0.0436	0.0	0.3479
387.0	0.0622	-0.0	0.3541
388.0	0.049	-0.0	0.3497
389.0	0.0703	-0.0	0.3568
390.0	0.0806	-0.0	0.3602
391.0	0.0725	-0.0	0.3575
392.0	0.0558	-0.0	0.3519
393.0	0.0296	-0.0	0.3432
394.0	0.052	-0.0	0.3507
395.0	0.1195	-0.0	0.3732
396.0	0.0445	-0.0	0.3482
397.0	0.0507	-0.0	0.3502
398.0	0.0548	-0.0	0.3516
399.0	0.0464	-0.0	0.3488
400.0	0.0462	-0.0	0.3487
401.0	0.0398	-0.0	0.3466
402.0	0.0629	-0.0	0.3543
403.0	0.0432	-0.0	0.3477
404.0	0.1004	-0.0	0.3668
405.0	0.0463	-0.0	0.3488
406.0	0.051	-0.0	0.3503
407.0	0.0373	-0.0	0.3458
408.0	0.0544	0.0	0.3515
409.0	0.0539	-0.0	0.3513
410.0	0.0678	-0.0	0.3559
411.0	0.0352	-0.0	0.3451
412.0	0.0545	0.0	0.3515
413.0	0.0852	-0.0	0.3617
414.0	0.0345	-0.0	0.3448
415.0	0.0668	-0.0	0.3556
416.0	0.0456	-0.0	0.3485
417.0	0.0352	-0.0	0.3451
418.0	0.0873	-0.0	0.3624
419.0	0.031	0.0	0.3437
420.0	0.0447	-0.0	0.3482
421.0	0.0482	-0.0	0.3494
422.0	0.0434	-0.0	0.3478
423.0	0.0836	-0.0	0.3612
424.0	0.0511	-0.0	0.3504
425.0	0.0672	-0.0	0.3557
426.0	0.0682	-0.0	0.3561
427.0	0.0806	-0.0	0.3602
428.0	0.0601	-0.0	0.3534
429.0	0.0422	-0.0	0.3474
430.0	0.0406	0.0	0.3469
431.0	0.0513	-0.0	0.3504
432.0	0.0719	-0.0	0.3573
433.0	0.0377	0.0	0.3459
434.0	0.0663	-0.0	0.3554
435.0	0.0558	-0.0	0.3519
436.0	0.0419	0.0	0.3473
437.0	0.0627	-0.0	0.3542
438.0	0.069	-0.0	0.3563
439.0	0.0485	-0.0	0.3495
440.0	0.0784	-0.0	0.3595
441.0	0.0498	-0.0	0.3499
442.0	0.0591	-0.0	0.353
443.0	0.0438	-0.0	0.3479
444.0	0.0386	-0.0	0.3462
445.0	0.045	-0.0	0.3483
446.0	0.0234	0.0	0.3411
447.0	0.0449	-0.0	0.3483
448.0	0.041	-0.0	0.347
449.0	0.0739	-0.0	0.358
450.0	0.07	-0.0	0.3567
451.0	0.0466	-0.0	0.3489
452.0	0.0532	-0.0	0.3511
453.0	0.0773	-0.0	0.3591
454.0	0.052	-0.0	0.3507
455.0	0.051	-0.0	0.3503
456.0	0.0721	-0.0	0.3574
457.0	0.0315	-0.0	0.3438
458.0	0.0515	-0.0	0.3505
459.0	0.0331	0.0	0.3444
460.0	0.0616	-0.0	0.3539
461.0	0.0812	-0.0	0.3604
462.0	0.0409	-0.0	0.347
463.0	0.0374	-0.0	0.3458
464.0	0.0607	-0.0	0.3536
465.0	0.1016	-0.0	0.3672
466.0	0.0775	-0.0	0.3592
467.0	0.065	-0.0	0.355
468.0	0.0256	0.0	0.3419
469.0	0.0661	-0.0	0.3554
470.0	0.0357	-0.0	0.3452
471.0	0.0563	-0.0	0.3521
472.0	0.0505	-0.0	0.3502
473.0	0.0588	-0.0	0.3529
474.0	0.0833	-0.0	0.3611
475.0	0.0603	-0.0	0.3534
476.0	0.0827	-0.0	0.3609
477.0	0.0918	-0.0	0.3639
478.0	0.0803	-0.0	0.3601
479.0	0.0502	-0.0	0.3501
480.0	0.0464	-0.0	0.3488
481.0	0.0609	-0.0	0.3536
482.0	0.0445	-0.0	0.3482
483.0	0.0558	-0.0	0.3519
484.0	0.0506	-0.0	0.3502
485.0	0.0784	-0.0	0.3595
486.0	0.0541	-0.0	0.3514
487.0	0.1016	-0.0	0.3672
488.0	0.0692	-0.0	0.3564
489.0	0.0832	-0.0	0.3611
490.0	0.0817	-0.0	0.3606
491.0	0.0712	-0.0	0.3571
492.0	0.0465	-0.0	0.3488
493.0	0.0248	-0.0	0.3416
494.0	0.0499	-0.0	0.35
495.0	0.0396	-0.0	0.3465
496.0	0.0549	-0.0	0.3516
497.0	0.0532	-0.0	0.3511
498.0	0.0445	-0.0	0.3482
499.0	0.0576	-0.0	0.3525
500.0	0.0715	0.0	0.3572
501.0	0.0465	-0.0	0.3488
502.0	0.058	-0.0	0.3527
503.0	0.0892	-0.0	0.3631
504.0	0.0311	-0.0	0.3437
505.0	0.05	-0.0	0.35
506.0	0.0403	-0.0	0.3468
507.0	0.058	-0.0	0.3527
508.0	0.0563	-0.0	0.3521
509.0	0.0429	-0.0	0.3476
510.0	0.081	-0.0	0.3603
511.0	0.0624	-0.0	0.3541
512.0	0.0399	-0.0	0.3466
513.0	0.0768	-0.0	0.3589
514.0	0.0622	-0.0	0.3541
515.0	0.0374	-0.0	0.3458
516.0	0.0338	-0.0	0.3446
517.0	0.0537	-0.0	0.3512
518.0	0.0698	-0.0	0.3566
519.0	0.065	-0.0	0.355
520.0	0.0598	-0.0	0.3533
521.0	0.0642	-0.0	0.3547
522.0	0.075	-0.0	0.3583
523.0	0.0333	-0.0	0.3444
524.0	0.0582	-0.0	0.3527
525.0	0.0618	-0.0	0.3539
526.0	0.0438	0.0	0.3479
527.0	0.0412	-0.0	0.3471
528.0	0.0481	-0.0	0.3494
529.0	0.0659	-0.0	0.3553
530.0	0.0692	-0.0	0.3564
531.0	0.0631	0.0	0.3544
532.0	0.0405	-0.0	0.3468
533.0	0.071	-0.0	0.357
534.0	0.0357	-0.0	0.3452
535.0	0.0258	-0.0	0.3419
536.0	0.0664	-0.0	0.3555
537.0	0.0536	-0.0	0.3512
538.0	0.0532	-0.0	0.3511
539.0	0.0715	-0.0	0.3572
540.0	0.0638	-0.0	0.3546
541.0	0.0633	-0.0	0.3544
542.0	0.1053	-0.0	0.3684
543.0	0.0343	-0.0	0.3448
544.0	0.0522	-0.0	0.3507
545.0	0.0728	-0.0	0.3576
546.0	0.0746	-0.0	0.3582
547.0	0.0659	-0.0	0.3553
548.0	0.0448	-0.0	0.3483
549.0	0.0611	-0.0	0.3537
550.0	0.0741	-0.0	0.358
551.0	0.0726	-0.0	0.3575
552.0	0.0584	-0.0	0.3528
553.0	0.0782	-0.0	0.3594
554.0	0.0653	-0.0	0.3551
555.0	0.0438	-0.0	0.3479
556.0	0.0402	-0.0	0.3467
557.0	0.0677	-0.0	0.3559
558.0	0.02	-0.0	0.34
559.0	0.0579	-0.0	0.3526
560.0	0.0812	-0.0	0.3604
561.0	0.1032	-0.0	0.3677
562.0	0.0478	-0.0	0.3493
563.0	0.0704	-0.0	0.3568
564.0	0.0223	-0.0	0.3408
565.0	0.0644	-0.0	0.3548
566.0	0.063	-0.0	0.3543
567.0	0.0649	-0.0	0.355
568.0	0.0512	-0.0	0.3504
569.0	0.0269	-0.0	0.3423
570.0	0.064	-0.0	0.3547
571.0	0.0567	-0.0	0.3522
572.0	0.0726	-0.0	0.3575
573.0	0.0714	-0.0	0.3571
574.0	0.0401	-0.0	0.3467
575.0	0.0558	-0.0	0.3519
576.0	0.023	-0.0	0.341
577.0	0.029	0.0	0.343
578.0	0.0608	-0.0	0.3536
579.0	0.0371	-0.0	0.3457
580.0	0.0703	-0.0	0.3568
581.0	0.0798	-0.0	0.3599
582.0	0.0503	-0.0	0.3501
583.0	0.0682	-0.0	0.3561
584.0	0.0415	-0.0	0.3472
585.0	0.0609	-0.0	0.3536
586.0	0.0822	-0.0	0.3607
587.0	0.0557	0.0	0.3519
588.0	0.0606	-0.0	0.3535
589.0	0.082	-0.0	0.3607
590.0	0.0673	-0.0	0.3558
591.0	0.0539	-0.0	0.3513
592.0	0.0559	-0.0	0.352
593.0	0.0691	-0.0	0.3564
594.0	0.0668	-0.0	0.3556
595.0	0.0649	-0.0	0.355
596.0	0.0519	-0.0	0.3506
597.0	0.0684	-0.0	0.3561
598.0	0.0256	-0.0	0.3419
599.0	0.0538	-0.0	0.3513
600.0	0.0723	-0.0	0.3574
601.0	0.0494	-0.0	0.3498
602.0	0.0529	-0.0	0.351
603.0	0.0388	-0.0	0.3463
604.0	0.1099	-0.0	0.37
605.0	0.0421	-0.0	0.3474
606.0	0.0532	-0.0	0.3511
607.0	0.0627	-0.0	0.3542
608.0	0.0983	-0.0	0.3661
609.0	0.045	-0.0	0.3483
610.0	0.0755	-0.0	0.3585
611.0	0.0608	-0.0	0.3536
612.0	0.0464	-0.0	0.3488
613.0	0.0671	-0.0	0.3557
614.0	0.0659	-0.0	0.3553
615.0	0.0772	-0.0	0.3591
616.0	0.0754	-0.0	0.3585
617.0	0.0576	-0.0	0.3525
618.0	0.0317	-0.0	0.3439
619.0	0.0737	-0.0	0.3579
620.0	0.0615	-0.0	0.3538
621.0	0.0368	-0.0	0.3456
622.0	0.0806	0.0	0.3602
623.0	0.0776	-0.0	0.3592
624.0	0.0577	-0.0	0.3526
625.0	0.0492	-0.0	0.3497
626.0	0.0655	-0.0	0.3552
627.0	0.1056	-0.0	0.3685
628.0	0.0271	-0.0	0.3424
629.0	0.0735	-0.0	0.3578
630.0	0.0714	-0.0	0.3571
631.0	0.0601	-0.0	0.3534
632.0	0.0961	-0.0	0.3654
633.0	0.0761	-0.0	0.3587
634.0	0.0841	-0.0	0.3614
635.0	0.0556	-0.0	0.3519
636.0	0.0606	-0.0	0.3535
637.0	0.078	-0.0	0.3593
638.0	0.0628	-0.0	0.3543
639.0	0.0584	-0.0	0.3528
640.0	0.0603	-0.0	0.3534
641.0	0.0589	-0.0	0.353
642.0	0.0456	-0.0	0.3485
643.0	0.0568	-0.0	0.3523
644.0	0.0484	-0.0	0.3495
645.0	0.0684	-0.0	0.3561
646.0	0.0904	-0.0	0.3635
647.0	0.059	-0.0	0.353
648.0	0.0815	-0.0	0.3605
649.0	0.0236	-0.0	0.3412
650.0	0.0493	-0.0	0.3498
651.0	0.0492	-0.0	0.3497
652.0	0.0397	-0.0	0.3466
653.0	0.0506	-0.0	0.3502
654.0	0.0607	-0.0	0.3536
655.0	0.041	-0.0	0.347
656.0	0.0549	-0.0	0.3516
657.0	0.1044	-0.0	0.3681
658.0	0.0574	-0.0	0.3525
659.0	0.0433	-0.0	0.3478
660.0	0.0771	-0.0	0.359
661.0	0.0616	-0.0	0.3539
662.0	0.0463	-0.0	0.3488
663.0	0.0505	-0.0	0.3502
664.0	0.1077	-0.0	0.3692
665.0	0.0655	-0.0	0.3552
666.0	0.0542	-0.0	0.3514
667.0	0.0233	-0.0	0.3411
668.0	0.0756	-0.0	0.3585
669.0	0.0392	-0.0	0.3464
670.0	0.0356	-0.0	0.3452
671.0	0.0298	-0.0	0.3433
672.0	0.0597	-0.0	0.3532
673.0	0.0411	0.0	0.347
674.0	0.0533	-0.0	0.3511
675.0	0.0437	-0.0	0.3479
676.0	0.0527	-0.0	0.3509
677.0	0.0505	-0.0	0.3502
678.0	0.0787	-0.0	0.3596
679.0	0.0661	-0.0	0.3554
680.0	0.0428	-0.0	0.3476
681.0	0.0731	-0.0	0.3577
682.0	0.0218	-0.0	0.3406
683.0	0.0594	-0.0	0.3531
684.0	0.0528	-0.0	0.3509
685.0	0.0544	-0.0	0.3515
686.0	0.0712	-0.0	0.3571
687.0	0.0397	-0.0	0.3466
688.0	0.0583	-0.0	0.3528
689.0	0.0396	-0.0	0.3465
690.0	0.034	-0.0	0.3447
691.0	0.0336	-0.0	0.3445
692.0	0.0307	-0.0	0.3436
693.0	0.0585	0.0	0.3528
694.0	0.0457	-0.0	0.3486
695.0	0.0456	-0.0	0.3485
696.0	0.047	-0.0	0.349
697.0	0.0879	-0.0	0.3626
698.0	0.0575	-0.0	0.3525
699.0	0.0531	-0.0	0.351
700.0	0.0645	-0.0	0.3548
701.0	0.0365	-0.0	0.3455
702.0	0.0631	-0.0	0.3544
703.0	0.0946	-0.0	0.3649
704.0	0.0712	-0.0	0.3571
705.0	0.0446	-0.0	0.3482
706.0	0.0577	-0.0	0.3526
707.0	0.0901	-0.0	0.3634
708.0	0.0517	-0.0	0.3506
709.0	0.0868	0.0	0.3623
710.0	0.0503	-0.0	0.3501
711.0	0.0332	-0.0	0.3444
712.0	0.0605	-0.0	0.3535
713.0	0.0538	-0.0	0.3513
714.0	0.0648	-0.0	0.3549
715.0	0.0556	-0.0	0.3519
716.0	0.066	0.0	0.3553
717.0	0.0648	-0.0	0.3549
718.0	0.0753	-0.0	0.3584
719.0	0.0526	-0.0	0.3509
720.0	0.0684	-0.0	0.3561
721.0	0.0441	-0.0	0.348
722.0	0.0538	-0.0	0.3513
723.0	0.0646	-0.0	0.3549
724.0	0.1034	-0.0	0.3678
725.0	0.0665	-0.0	0.3555
726.0	0.0571	-0.0	0.3524
727.0	0.0608	-0.0	0.3536
728.0	0.0487	-0.0	0.3496
729.0	0.0418	-0.0	0.3473
730.0	0.0501	-0.0	0.35
731.0	0.046	-0.0	0.3487
732.0	0.0438	-0.0	0.3479
733.0	0.066	-0.0	0.3553
734.0	0.0662	-0.0	0.3554
735.0	0.0707	-0.0	0.3569
736.0	0.0421	-0.0	0.3474
737.0	0.0879	-0.0	0.3626
738.0	0.0574	-0.0	0.3525
739.0	0.0353	-0.0	0.3451
740.0	0.0727	-0.0	0.3576
741.0	0.0824	-0.0	0.3608
742.0	0.0497	-0.0	0.3499
743.0	0.0353	-0.0	0.3451
744.0	0.0432	-0.0	0.3477
745.0	0.0266	-0.0	0.3422
746.0	0.093	-0.0	0.3643
747.0	0.059	0.0	0.353
748.0	0.0664	-0.0	0.3555
749.0	0.0307	-0.0	0.3436
750.0	0.0294	-0.0	0.3431
751.0	0.0565	-0.0	0.3522
752.0	0.0372	-0.0	0.3457
753.0	0.0643	-0.0	0.3548
754.0	0.0542	-0.0	0.3514
755.0	0.1057	-0.0	0.3686
756.0	0.043	-0.0	0.3477
757.0	0.0695	-0.0	0.3565
758.0	0.0672	-0.0	0.3557
759.0	0.0874	-0.0	0.3625
760.0	0.0496	-0.0	0.3499
761.0	0.052	-0.0	0.3507
762.0	0.0726	-0.0	0.3575
763.0	0.0623	-0.0	0.3541
764.0	0.0565	-0.0	0.3522
765.0	0.0561	-0.0	0.352
766.0	0.0246	0.0	0.3415
767.0	0.0576	-0.0	0.3525
768.0	0.0478	-0.0	0.3493
769.0	0.0356	-0.0	0.3452
770.0	0.0529	-0.0	0.351
771.0	0.0833	-0.0	0.3611
772.0	0.0667	-0.0	0.3556
773.0	0.0723	-0.0	0.3574
774.0	0.0371	-0.0	0.3457
775.0	0.081	-0.0	0.3603
776.0	0.0409	-0.0	0.347
777.0	0.0531	-0.0	0.351
778.0	0.0735	-0.0	0.3578
779.0	0.0648	-0.0	0.3549
780.0	0.0693	-0.0	0.3564
781.0	0.0895	-0.0	0.3632
782.0	0.0381	-0.0	0.346
783.0	0.0497	-0.0	0.3499
784.0	0.0829	-0.0	0.361
785.0	0.069	-0.0	0.3563
786.0	0.0461	-0.0	0.3487
787.0	0.0432	-0.0	0.3477
788.0	0.0267	-0.0	0.3422
789.0	0.0641	0.0	0.3547
790.0	0.0539	-0.0	0.3513
791.0	0.0428	-0.0	0.3476
792.0	0.0676	-0.0	0.3559
793.0	0.0811	-0.0	0.3604
794.0	0.0577	-0.0	0.3526
795.0	0.0537	-0.0	0.3512
796.0	0.0517	-0.0	0.3506
797.0	0.0488	-0.0	0.3496
798.0	0.0542	-0.0	0.3514
799.0	0.057	-0.0	0.3523
800.0	0.097	0.0	0.3657
801.0	0.0802	-0.0	0.3601
802.0	0.0554	-0.0	0.3518
803.0	0.0471	-0.0	0.349
804.0	0.0619	-0.0	0.354
805.0	0.0632	0.0	0.3544
806.0	0.0455	-0.0	0.3485
807.0	0.0688	-0.0	0.3563
808.0	0.0442	-0.0	0.3481
809.0	0.0884	-0.0	0.3628
810.0	0.0565	-0.0	0.3522
811.0	0.0491	-0.0	0.3497
812.0	0.059	-0.0	0.353
813.0	0.0339	-0.0	0.3446
814.0	0.0675	-0.0	0.3558
815.0	0.0766	-0.0	0.3589
816.0	0.0633	-0.0	0.3544
817.0	0.0413	0.0	0.3471
818.0	0.0689	-0.0	0.3563
819.0	0.0877	-0.0	0.3626
820.0	0.0736	-0.0	0.3579
821.0	0.0713	-0.0	0.3571
822.0	0.0721	-0.0	0.3574
823.0	0.0744	-0.0	0.3581
824.0	0.0634	-0.0	0.3545
825.0	0.0693	-0.0	0.3564
826.0	0.0446	-0.0	0.3482
827.0	0.0303	-0.0	0.3434
828.0	0.029	-0.0	0.343
829.0	0.0354	-0.0	0.3451
830.0	0.0844	-0.0	0.3615
831.0	0.0641	-0.0	0.3547
832.0	0.0545	-0.0	0.3515
833.0	0.0711	-0.0	0.357
834.0	0.0771	-0.0	0.359
835.0	0.0398	-0.0	0.3466
836.0	0.0632	-0.0	0.3544
837.0	0.0631	-0.0	0.3544
838.0	0.0602	-0.0	0.3534
839.0	0.0797	-0.0	0.3599
840.0	0.0526	0.0	0.3509
841.0	0.065	-0.0	0.355
842.0	0.0446	-0.0	0.3482
843.0	0.0648	-0.0	0.3549
844.0	0.0584	-0.0	0.3528
845.0	0.0681	-0.0	0.356
846.0	0.0595	-0.0	0.3532
847.0	0.0373	-0.0	0.3458
848.0	0.0482	0.0	0.3494
849.0	0.0647	-0.0	0.3549
850.0	0.0378	-0.0	0.3459
851.0	0.0448	-0.0	0.3483
852.0	0.0717	-0.0	0.3572
853.0	0.0677	-0.0	0.3559
854.0	0.06	-0.0	0.3533
855.0	0.0419	-0.0	0.3473
856.0	0.0554	-0.0	0.3518
857.0	0.0564	0.0	0.3521
858.0	0.0804	-0.0	0.3601
859.0	0.0217	-0.0	0.3406
860.0	0.0861	-0.0	0.362
861.0	0.0477	-0.0	0.3492
862.0	0.0495	-0.0	0.3498
863.0	0.0589	-0.0	0.353
864.0	0.0461	-0.0	0.3487
865.0	0.0726	-0.0	0.3575
866.0	0.0722	-0.0	0.3574
867.0	0.0829	-0.0	0.361
868.0	0.0815	-0.0	0.3605
869.0	0.0535	-0.0	0.3512
870.0	0.0435	-0.0	0.3478
871.0	0.0448	-0.0	0.3483
872.0	0.0328	-0.0	0.3443
873.0	0.0374	0.0	0.3458
874.0	0.0378	-0.0	0.3459
875.0	0.0766	-0.0	0.3589
876.0	0.0554	-0.0	0.3518
877.0	0.0515	0.0	0.3505
878.0	0.071	-0.0	0.357
879.0	0.0475	-0.0	0.3492
880.0	0.075	-0.0	0.3583
881.0	0.0727	-0.0	0.3576
882.0	0.0482	-0.0	0.3494
883.0	0.0593	-0.0	0.3531
884.0	0.0432	-0.0	0.3477
885.0	0.0551	-0.0	0.3517
886.0	0.0424	-0.0	0.3475
887.0	0.0516	-0.0	0.3505
888.0	0.0591	-0.0	0.353
889.0	0.0492	-0.0	0.3497
890.0	0.0449	-0.0	0.3483
891.0	0.0566	-0.0	0.3522
892.0	0.0339	-0.0	0.3446
893.0	0.0499	-0.0	0.35
894.0	0.0504	0.0	0.3501
895.0	0.0486	-0.0	0.3495
896.0	0.0498	0.0	0.3499
897.0	0.0743	-0.0	0.3581
898.0	0.0702	-0.0	0.3567
899.0	0.0333	-0.0	0.3444
900.0	0.0737	-0.0	0.3579
901.0	0.0428	-0.0	0.3476
902.0	0.0326	-0.0	0.3442
903.0	0.0444	-0.0	0.3481
904.0	0.0407	-0.0	0.3469
905.0	0.0379	-0.0	0.346
906.0	0.0841	-0.0	0.3614
907.0	0.0492	-0.0	0.3497
908.0	0.0627	-0.0	0.3542
909.0	0.0569	-0.0	0.3523
910.0	0.0744	-0.0	0.3581
911.0	0.0476	-0.0	0.3492
912.0	0.0583	-0.0	0.3528
913.0	0.0663	-0.0	0.3554
914.0	0.0517	-0.0	0.3506
915.0	0.059	-0.0	0.353
916.0	0.0409	0.0	0.347
917.0	0.0491	-0.0	0.3497
918.0	0.0368	0.0	0.3456
919.0	0.0544	-0.0	0.3515
920.0	0.0912	-0.0	0.3637
921.0	0.0321	-0.0	0.344
922.0	0.0526	-0.0	0.3509
923.0	0.0513	-0.0	0.3504
924.0	0.0572	-0.0	0.3524
925.0	0.0687	-0.0	0.3562
926.0	0.0474	-0.0	0.3491
927.0	0.0617	-0.0	0.3539
928.0	0.0604	-0.0	0.3535
929.0	0.0853	-0.0	0.3618
930.0	0.0537	-0.0	0.3512
931.0	0.0516	-0.0	0.3505
932.0	0.0452	-0.0	0.3484
933.0	0.0872	-0.0	0.3624
934.0	0.0633	-0.0	0.3544
935.0	0.0681	-0.0	0.356
936.0	0.1149	-0.0	0.3716
937.0	0.0541	-0.0	0.3514
938.0	0.0534	-0.0	0.3511
939.0	0.0939	-0.0	0.3646
940.0	0.0407	0.0	0.3469
941.0	0.0472	-0.0	0.3491
942.0	0.0477	-0.0	0.3492
943.0	0.0558	-0.0	0.3519
944.0	0.0473	-0.0	0.3491
945.0	0.0492	-0.0	0.3497
946.0	0.0613	-0.0	0.3538
947.0	0.06	-0.0	0.3533
948.0	0.027	-0.0	0.3423
949.0	0.093	-0.0	0.3643
950.0	0.0925	-0.0	0.3642
951.0	0.0554	-0.0	0.3518
952.0	0.0616	-0.0	0.3539
953.0	0.0374	-0.0	0.3458
954.0	0.0636	-0.0	0.3545
955.0	0.0832	-0.0	0.3611
956.0	0.0618	-0.0	0.3539
957.0	0.0806	-0.0	0.3602
958.0	0.0763	-0.0	0.3588
959.0	0.0389	0.0	0.3463
960.0	0.0523	-0.0	0.3508
961.0	0.0544	-0.0	0.3515
962.0	0.0792	-0.0	0.3597
963.0	0.0384	-0.0	0.3461
964.0	0.0463	-0.0	0.3488
965.0	0.0313	0.0	0.3438
966.0	0.053	-0.0	0.351
967.0	0.079	-0.0	0.3597
968.0	0.0472	-0.0	0.3491
969.0	0.0487	-0.0	0.3496
970.0	0.0594	-0.0	0.3531
971.0	0.0719	-0.0	0.3573
972.0	0.0625	-0.0	0.3542
973.0	0.0627	-0.0	0.3542
974.0	0.028	-0.0	0.3427
975.0	0.0911	-0.0	0.3637
976.0	0.0556	-0.0	0.3519
977.0	0.0947	-0.0	0.3649
978.0	0.0673	-0.0	0.3558
979.0	0.1017	-0.0	0.3672
980.0	0.0196	-0.0	0.3399
981.0	0.0584	-0.0	0.3528
982.0	0.034	-0.0	0.3447
983.0	0.0442	-0.0	0.3481
984.0	0.039	-0.0	0.3463
985.0	0.0659	-0.0	0.3553
986.0	0.0351	-0.0	0.345
987.0	0.0728	-0.0	0.3576
988.0	0.0324	-0.0	0.3441
989.0	0.0674	-0.0	0.3558
990.0	0.0514	-0.0	0.3505
991.0	0.0403	-0.0	0.3468
992.0	0.0443	-0.0	0.3481
993.0	0.0701	-0.0	0.3567
994.0	0.059	-0.0	0.353
995.0	0.0261	-0.0	0.342
996.0	0.056	-0.0	0.352
997.0	0.0723	-0.0	0.3574
998.0	0.0371	-0.0	0.3457
999.0	0.0625	-0.0	0.3542
1000.0	0.0623	-0.0	0.3541
