1.0	0.1441	-0.0	0.3814
2.0	0.1438	-0.0	0.3813
3.0	0.1629	-0.0	0.3876
4.0	0.1414	-0.0	0.3805
5.0	0.0971	-0.0	0.3657
6.0	0.2477	-0.0	0.4159
7.0	0.0914	-0.0	0.3638
8.0	0.1826	-0.0	0.3942
9.0	0.1637	-0.0	0.3879
10.0	0.0969	-0.0	0.3656
11.0	0.1175	-0.0	0.3725
12.0	0.1688	-0.0	0.3896
13.0	0.1676	-0.0	0.3892
14.0	0.1293	-0.0	0.3764
15.0	0.1218	-0.0	0.3739
16.0	0.0972	-0.0	0.3657
17.0	0.1348	-0.0	0.3783
18.0	0.1977	-0.0	0.3992
19.0	0.1518	-0.0	0.3839
20.0	0.1398	-0.0	0.3799
21.0	0.1755	-0.0	0.3918
22.0	0.1963	-0.0	0.3988
23.0	0.1259	-0.0	0.3753
24.0	0.2179	-0.0	0.406
25.0	0.1114	-0.0	0.3705
26.0	0.2531	-0.0	0.4177
27.0	0.1237	-0.0	0.3746
28.0	0.158	-0.0	0.386
29.0	0.142	-0.0	0.3807
30.0	0.0929	-0.0	0.3643
31.0	0.0858	-0.0	0.3619
32.0	0.107	-0.0	0.369
33.0	0.1147	-0.0	0.3716
34.0	0.1522	-0.0	0.3841
35.0	0.1627	-0.0	0.3876
36.0	0.1388	-0.0	0.3796
37.0	0.1493	-0.0	0.3831
38.0	0.1503	-0.0	0.3834
39.0	0.1366	-0.0	0.3789
40.0	0.1657	-0.0	0.3886
41.0	0.1482	-0.0	0.3827
42.0	0.166	-0.0	0.3887
43.0	0.1039	-0.0	0.368
44.0	0.1813	-0.0	0.3938
45.0	0.1443	-0.0	0.3814
46.0	0.2225	-0.0	0.4075
47.0	0.1048	-0.0	0.3683
48.0	0.1755	-0.0	0.3918
49.0	0.2047	-0.0	0.4016
50.0	0.0735	-0.0	0.3578
51.0	0.1286	-0.0	0.3762
52.0	0.1147	-0.0	0.3716
53.0	0.0767	-0.0	0.3589
54.0	0.0991	-0.0	0.3664
55.0	0.0957	-0.0	0.3652
56.0	0.1993	0.0	0.3998
57.0	0.1641	-0.0	0.388
58.0	0.2105	0.0	0.4035
59.0	0.1173	-0.0	0.3724
60.0	0.1652	-0.0	0.3884
61.0	0.0544	-0.0	0.3515
62.0	0.1108	-0.0	0.3703
63.0	0.1624	-0.0	0.3875
64.0	0.1793	-0.0	0.3931
65.0	0.2056	-0.0	0.4019
66.0	0.1851	0.0	0.395
67.0	0.1576	-0.0	0.3859
68.0	0.1717	-0.0	0.3906
69.0	0.1423	-0.0	0.3808
70.0	0.1265	-0.0	0.3755
71.0	0.1798	-0.0	0.3933
72.0	0.0963	-0.0	0.3654
73.0	0.1867	-0.0	0.3956
74.0	0.0907	-0.0	0.3636
75.0	0.1693	-0.0	0.3898
76.0	0.1026	-0.0	0.3675
77.0	0.146	-0.0	0.382
78.0	0.0891	-0.0	0.363
79.0	0.1684	-0.0	0.3895
80.0	0.1937	-0.0	0.3979
81.0	0.0996	-0.0	0.3665
82.0	0.1538	-0.0	0.3846
83.0	0.1782	-0.0	0.3927
84.0	0.1295	-0.0	0.3765
85.0	0.1389	-0.0	0.3796
86.0	0.196	-0.0	0.3987
87.0	0.0994	-0.0	0.3665
88.0	0.2723	-0.0	0.4241
89.0	0.1365	-0.0	0.3788
90.0	0.1446	-0.0	0.3815
91.0	0.198	-0.0	0.3993
92.0	0.1105	-0.0	0.3702
93.0	0.1139	-0.0	0.3713
94.0	0.0882	-0.0	0.3627
95.0	0.1578	-0.0	0.3859
96.0	0.0712	-0.0	0.3571
97.0	0.1616	-0.0	0.3872
98.0	0.1373	-0.0	0.3791
99.0	0.1455	-0.0	0.3818
100.0	0.1254	-0.0	0.3751
101.0	0.1367	-0.0	0.3789
102.0	0.1958	-0.0	0.3986
103.0	0.2484	-0.0	0.4161
104.0	0.0786	-0.0	0.3595
105.0	0.074	-0.0	0.358
106.0	0.1757	-0.0	0.3919
107.0	0.1736	-0.0	0.3912
108.0	0.1278	-0.0	0.3759
109.0	0.1692	0.0	0.3897
110.0	0.0698	-0.0	0.3566
111.0	0.218	-0.0	0.406
112.0	0.1776	-0.0	0.3925
113.0	0.1798	-0.0	0.3933
114.0	0.1506	-0.0	0.3835
115.0	0.0991	-0.0	0.3664
116.0	0.1578	-0.0	0.3859
117.0	0.1858	-0.0	0.3953
118.0	0.1702	-0.0	0.3901
119.0	0.1092	-0.0	0.3697
120.0	0.2734	-0.0	0.4245
121.0	0.1175	-0.0	0.3725
122.0	0.0764	-0.0	0.3588
123.0	0.1439	-0.0	0.3813
124.0	0.0563	-0.0	0.3521
125.0	0.1348	-0.0	0.3783
126.0	0.1358	-0.0	0.3786
127.0	0.1797	-0.0	0.3932
128.0	0.1543	-0.0	0.3848
129.0	0.2066	-0.0	0.4022
130.0	0.193	-0.0	0.3977
131.0	0.0823	-0.0	0.3608
132.0	0.0812	0.0	0.3604
133.0	0.084	-0.0	0.3613
134.0	0.1993	-0.0	0.3998
135.0	0.1123	-0.0	0.3708
136.0	0.1632	-0.0	0.3877
137.0	0.1456	-0.0	0.3819
138.0	0.1432	-0.0	0.3811
139.0	0.128	-0.0	0.376
140.0	0.1584	-0.0	0.3861
141.0	0.1837	-0.0	0.3946
142.0	0.0795	0.0	0.3598
143.0	0.1073	-0.0	0.3691
144.0	0.159	-0.0	0.3863
145.0	0.1283	-0.0	0.3761
146.0	0.1326	0.0	0.3775
147.0	0.0973	-0.0	0.3658
148.0	0.1321	-0.0	0.3774
149.0	0.2031	-0.0	0.401
150.0	0.2137	-0.0	0.4046
151.0	0.1024	-0.0	0.3675
152.0	0.1654	-0.0	0.3885
153.0	0.1791	-0.0	0.393
154.0	0.1285	-0.0	0.3762
155.0	0.136	-0.0	0.3787
156.0	0.2201	-0.0	0.4067
157.0	0.1709	-0.0	0.3903
158.0	0.2101	-0.0	0.4034
159.0	0.1647	-0.0	0.3882
160.0	0.1734	-0.0	0.3911
161.0	0.1107	-0.0	0.3702
162.0	0.0787	-0.0	0.3596
163.0	0.1945	-0.0	0.3982
164.0	0.2316	-0.0	0.4105
165.0	0.175	-0.0	0.3917
166.0	0.1125	-0.0	0.3708
167.0	0.1665	-0.0	0.3888
168.0	0.0895	-0.0	0.3632
169.0	0.1729	-0.0	0.391
170.0	0.2915	-0.0	0.4305
171.0	0.1655	0.0	0.3885
172.0	0.0888	-0.0	0.3629
173.0	0.2013	-0.0	0.4004
174.0	0.1571	-0.0	0.3857
175.0	0.0665	-0.0	0.3555
176.0	0.1414	-0.0	0.3805
177.0	0.137	-0.0	0.379
178.0	0.1739	-0.0	0.3913
179.0	0.1628	-0.0	0.3876
180.0	0.1414	-0.0	0.3805
181.0	0.1465	-0.0	0.3822
182.0	0.0731	-0.0	0.3577
183.0	0.1334	-0.0	0.3778
184.0	0.149	-0.0	0.383
185.0	0.1626	-0.0	0.3875
186.0	0.173	-0.0	0.391
187.0	0.1643	-0.0	0.3881
188.0	0.1104	-0.0	0.3701
189.0	0.1272	-0.0	0.3757
190.0	0.1442	-0.0	0.3814
191.0	0.1649	-0.0	0.3883
192.0	0.1551	-0.0	0.385
193.0	0.1281	0.0	0.376
194.0	0.1435	-0.0	0.3812
195.0	0.1072	-0.0	0.3691
196.0	0.1935	-0.0	0.3978
197.0	0.1177	-0.0	0.3726
198.0	0.1234	-0.0	0.3745
199.0	0.1549	-0.0	0.385
200.0	0.1542	-0.0	0.3847
201.0	0.2227	-0.0	0.4076
202.0	0.1678	-0.0	0.3893
203.0	0.1464	-0.0	0.3821
204.0	0.1421	-0.0	0.3807
205.0	0.0846	-0.0	0.3615
206.0	0.1258	-0.0	0.3753
207.0	0.2101	-0.0	0.4034
208.0	0.1454	-0.0	0.3818
209.0	0.2164	-0.0	0.4055
210.0	0.1374	-0.0	0.3791
211.0	0.1151	-0.0	0.3717
212.0	0.2529	-0.0	0.4176
213.0	0.1372	-0.0	0.3791
214.0	0.1841	-0.0	0.3947
215.0	0.0848	-0.0	0.3616
216.0	0.1988	-0.0	0.3996
217.0	0.1438	-0.0	0.3813
218.0	0.1249	-0.0	0.375
219.0	0.1303	-0.0	0.3768
220.0	0.1103	-0.0	0.3701
221.0	0.1124	-0.0	0.3708
222.0	0.135	-0.0	0.3783
223.0	0.1936	-0.0	0.3979
224.0	0.1728	-0.0	0.3909
225.0	0.0836	-0.0	0.3612
226.0	0.1466	-0.0	0.3822
227.0	0.1245	-0.0	0.3748
228.0	0.114	-0.0	0.3713
229.0	0.1716	-0.0	0.3905
230.0	0.2098	-0.0	0.4033
231.0	0.1801	-0.0	0.3934
232.0	0.2291	-0.0	0.4097
233.0	0.1298	-0.0	0.3766
234.0	0.0862	-0.0	0.3621
235.0	0.1745	-0.0	0.3915
236.0	0.1249	-0.0	0.375
237.0	0.1764	-0.0	0.3921
238.0	0.1925	-0.0	0.3975
239.0	0.1537	-0.0	0.3846
240.0	0.1726	-0.0	0.3909
241.0	0.1325	-0.0	0.3775
242.0	0.1352	-0.0	0.3784
243.0	0.1886	0.0	0.3962
244.0	0.0799	-0.0	0.36
245.0	0.0842	-0.0	0.3614
246.0	0.1251	-0.0	0.375
247.0	0.1576	-0.0	0.3859
248.0	0.1301	-0.0	0.3767
249.0	0.1947	-0.0	0.3982
250.0	0.1106	-0.0	0.3702
251.0	0.1668	-0.0	0.3889
252.0	0.1723	-0.0	0.3908
253.0	0.0762	-0.0	0.3587
254.0	0.2577	-0.0	0.4192
255.0	0.1459	-0.0	0.382
256.0	0.0343	-0.0	0.3448
257.0	0.1944	-0.0	0.3981
258.0	0.1346	-0.0	0.3782
259.0	0.0839	-0.0	0.3613
260.0	0.0848	-0.0	0.3616
261.0	0.1239	-0.0	0.3746
262.0	0.1191	-0.0	0.373
263.0	0.162	-0.0	0.3873
264.0	0.0984	-0.0	0.3661
265.0	0.1564	-0.0	0.3855
266.0	0.1314	-0.0	0.3771
267.0	0.1549	-0.0	0.385
268.0	0.0782	-0.0	0.3594
269.0	0.115	-0.0	0.3717
270.0	0.1845	-0.0	0.3948
271.0	0.217	-0.0	0.4057
272.0	0.1775	-0.0	0.3925
273.0	0.1205	-0.0	0.3735
274.0	0.124	-0.0	0.3747
275.0	0.1517	-0.0	0.3839
276.0	0.0916	-0.0	0.3639
277.0	0.1133	-0.0	0.3711
278.0	0.1625	-0.0	0.3875
279.0	0.186	-0.0	0.3953
280.0	0.0909	-0.0	0.3636
281.0	0.0971	-0.0	0.3657
282.0	0.1586	-0.0	0.3862
283.0	0.1558	-0.0	0.3853
284.0	0.0856	-0.0	0.3619
285.0	0.1294	-0.0	0.3765
286.0	0.1235	-0.0	0.3745
287.0	0.1341	-0.0	0.378
288.0	0.1291	-0.0	0.3764
289.0	0.1246	-0.0	0.3749
290.0	0.0988	-0.0	0.3663
291.0	0.2097	-0.0	0.4032
292.0	0.1721	-0.0	0.3907
293.0	0.1131	-0.0	0.371
294.0	0.134	-0.0	0.378
295.0	0.0979	-0.0	0.366
296.0	0.1251	-0.0	0.375
297.0	0.1428	-0.0	0.3809
298.0	0.0866	-0.0	0.3622
299.0	0.1129	-0.0	0.371
300.0	0.046	-0.0	0.3487
301.0	0.1571	-0.0	0.3857
302.0	0.1227	-0.0	0.3742
303.0	0.1312	-0.0	0.3771
304.0	0.1677	-0.0	0.3892
305.0	0.1566	-0.0	0.3855
306.0	0.1632	-0.0	0.3877
307.0	0.1258	-0.0	0.3753
308.0	0.1255	-0.0	0.3752
309.0	0.197	-0.0	0.399
310.0	0.236	-0.0	0.412
311.0	0.1785	-0.0	0.3928
312.0	0.1217	-0.0	0.3739
313.0	0.19	-0.0	0.3967
314.0	0.1381	-0.0	0.3794
315.0	0.1721	-0.0	0.3907
316.0	0.1576	-0.0	0.3859
317.0	0.1531	-0.0	0.3844
318.0	0.0897	0.0	0.3632
319.0	0.1315	-0.0	0.3772
320.0	0.1184	-0.0	0.3728
321.0	0.1919	-0.0	0.3973
322.0	0.1449	-0.0	0.3816
323.0	0.0866	-0.0	0.3622
324.0	0.1364	-0.0	0.3788
325.0	0.1312	-0.0	0.3771
326.0	0.1136	-0.0	0.3712
327.0	0.0879	-0.0	0.3626
328.0	0.0982	-0.0	0.3661
329.0	0.1146	-0.0	0.3715
330.0	0.1529	-0.0	0.3843
331.0	0.1822	-0.0	0.3941
332.0	0.1594	-0.0	0.3865
333.0	0.1386	-0.0	0.3795
334.0	0.1492	-0.0	0.3831
335.0	0.1041	-0.0	0.368
336.0	0.1985	-0.0	0.3995
337.0	0.1146	-0.0	0.3715
338.0	0.1305	-0.0	0.3768
339.0	0.1388	0.0	0.3796
340.0	0.115	-0.0	0.3717
341.0	0.2423	-0.0	0.4141
342.0	0.2291	-0.0	0.4097
343.0	0.0989	-0.0	0.3663
344.0	0.1358	-0.0	0.3786
345.0	0.102	-0.0	0.3673
346.0	0.1603	-0.0	0.3868
347.0	0.1538	-0.0	0.3846
348.0	0.2009	-0.0	0.4003
349.0	0.1026	-0.0	0.3675
350.0	0.0668	0.0	0.3556
351.0	0.1832	-0.0	0.3944
352.0	0.1776	-0.0	0.3925
353.0	0.1363	-0.0	0.3788
354.0	0.1566	-0.0	0.3855
355.0	0.1334	-0.0	0.3778
356.0	0.1048	-0.0	0.3683
357.0	0.1513	0.0	0.3838
358.0	0.1456	-0.0	0.3819
359.0	0.1462	-0.0	0.3821
360.0	0.1276	-0.0	0.3759
361.0	0.2093	-0.0	0.4031
362.0	0.1597	-0.0	0.3866
363.0	0.1807	-0.0	0.3936
364.0	0.1805	-0.0	0.3935
365.0	0.1302	-0.0	0.3767
366.0	0.1466	-0.0	0.3822
367.0	0.1706	-0.0	0.3902
368.0	0.1516	0.0	0.3839
369.0	0.1265	-0.0	0.3755
370.0	0.1259	-0.0	0.3753
371.0	0.1712	-0.0	0.3904
372.0	0.1777	-0.0	0.3926
373.0	0.1705	-0.0	0.3902
374.0	0.2228	-0.0	0.4076
375.0	0.0843	-0.0	0.3614
376.0	0.145	-0.0	0.3817
377.0	0.1337	-0.0	0.3779
378.0	0.101	-0.0	0.367
379.0	0.1511	-0.0	0.3837
380.0	0.0893	-0.0	0.3631
381.0	0.2016	-0.0	0.4005
382.0	0.1187	-0.0	0.3729
383.0	0.1213	-0.0	0.3738
384.0	0.164	-0.0	0.388
385.0	0.1997	-0.0	0.3999
386.0	0.1117	-0.0	0.3706
387.0	0.1492	-0.0	0.3831
388.0	0.2092	-0.0	0.4031
389.0	0.1131	-0.0	0.371
390.0	0.1686	-0.0	0.3895
391.0	0.1668	-0.0	0.3889
392.0	0.1314	-0.0	0.3771
393.0	0.1787	-0.0	0.3929
394.0	0.1543	-0.0	0.3848
395.0	0.1435	-0.0	0.3812
396.0	0.1381	-0.0	0.3794
397.0	0.0976	-0.0	0.3659
398.0	0.1284	-0.0	0.3761
399.0	0.1332	-0.0	0.3777
400.0	0.1289	-0.0	0.3763
401.0	0.1739	-0.0	0.3913
402.0	0.1905	-0.0	0.3968
403.0	0.1372	-0.0	0.3791
404.0	0.156	-0.0	0.3853
405.0	0.2238	-0.0	0.4079
406.0	0.16	-0.0	0.3867
407.0	0.137	-0.0	0.379
408.0	0.0838	-0.0	0.3613
409.0	0.0492	-0.0	0.3497
410.0	0.1873	-0.0	0.3958
411.0	0.1201	-0.0	0.3734
412.0	0.1728	-0.0	0.3909
413.0	0.1382	-0.0	0.3794
414.0	0.177	-0.0	0.3923
415.0	0.2148	-0.0	0.4049
416.0	0.1691	-0.0	0.3897
417.0	0.0801	-0.0	0.36
418.0	0.094	0.0	0.3647
419.0	0.0812	-0.0	0.3604
420.0	0.1187	-0.0	0.3729
421.0	0.0809	-0.0	0.3603
422.0	0.0977	-0.0	0.3659
423.0	0.1107	-0.0	0.3702
424.0	0.1761	-0.0	0.392
425.0	0.2021	-0.0	0.4007
426.0	0.0856	-0.0	0.3619
427.0	0.1297	-0.0	0.3766
428.0	0.1537	-0.0	0.3846
429.0	0.1301	-0.0	0.3767
430.0	0.1755	-0.0	0.3918
431.0	0.1788	-0.0	0.3929
432.0	0.2058	-0.0	0.4019
433.0	0.1862	-0.0	0.3954
434.0	0.0771	-0.0	0.359
435.0	0.1573	-0.0	0.3858
436.0	0.0862	-0.0	0.3621
437.0	0.2111	-0.0	0.4037
438.0	0.2146	-0.0	0.4049
439.0	0.1793	-0.0	0.3931
440.0	0.1365	-0.0	0.3788
441.0	0.1091	-0.0	0.3697
442.0	0.1105	-0.0	0.3702
443.0	0.106	-0.0	0.3687
444.0	0.0743	-0.0	0.3581
445.0	0.0852	-0.0	0.3617
446.0	0.1342	-0.0	0.3781
447.0	0.1779	-0.0	0.3926
448.0	0.1322	-0.0	0.3774
449.0	0.2011	-0.0	0.4004
450.0	0.0922	-0.0	0.3641
451.0	0.133	-0.0	0.3777
452.0	0.1895	-0.0	0.3965
453.0	0.1043	0.0	0.3681
454.0	0.0784	-0.0	0.3595
455.0	0.0679	-0.0	0.356
456.0	0.0989	-0.0	0.3663
457.0	0.1845	-0.0	0.3948
458.0	0.1384	-0.0	0.3795
459.0	0.1346	0.0	0.3782
460.0	0.1783	-0.0	0.3928
461.0	0.1823	-0.0	0.3941
462.0	0.1457	-0.0	0.3819
463.0	0.1375	-0.0	0.3792
464.0	0.1212	-0.0	0.3737
465.0	0.1541	0.0	0.3847
466.0	0.1203	-0.0	0.3734
467.0	0.1284	-0.0	0.3761
468.0	0.0411	0.0	0.347
469.0	0.1128	-0.0	0.3709
470.0	0.1826	-0.0	0.3942
471.0	0.2072	-0.0	0.4024
472.0	0.0606	-0.0	0.3535
473.0	0.2123	-0.0	0.4041
474.0	0.2175	-0.0	0.4058
475.0	0.1574	-0.0	0.3858
476.0	0.2113	0.0	0.4038
477.0	0.1741	-0.0	0.3914
478.0	0.1242	-0.0	0.3747
479.0	0.1576	-0.0	0.3859
480.0	0.098	-0.0	0.366
481.0	0.2033	-0.0	0.4011
482.0	0.1566	-0.0	0.3855
483.0	0.1021	-0.0	0.3674
484.0	0.1373	-0.0	0.3791
485.0	0.1946	-0.0	0.3982
486.0	0.1457	-0.0	0.3819
487.0	0.1545	-0.0	0.3848
488.0	0.1807	-0.0	0.3936
489.0	0.1588	-0.0	0.3863
490.0	0.1859	-0.0	0.3953
491.0	0.2429	-0.0	0.4143
492.0	0.1286	-0.0	0.3762
493.0	0.1478	-0.0	0.3826
494.0	0.1603	-0.0	0.3868
495.0	0.1416	-0.0	0.3805
496.0	0.1675	-0.0	0.3892
497.0	0.1425	-0.0	0.3808
498.0	0.1309	-0.0	0.377
499.0	0.137	-0.0	0.379
500.0	0.0795	-0.0	0.3598
501.0	0.122	-0.0	0.374
502.0	0.1861	-0.0	0.3954
503.0	0.2448	0.0	0.4149
504.0	0.2211	-0.0	0.407
505.0	0.1586	-0.0	0.3862
506.0	0.158	-0.0	0.386
507.0	0.1257	-0.0	0.3752
508.0	0.1404	-0.0	0.3801
509.0	0.1635	-0.0	0.3878
510.0	0.1097	-0.0	0.3699
511.0	0.1361	-0.0	0.3787
512.0	0.1825	-0.0	0.3942
513.0	0.159	-0.0	0.3863
514.0	0.082	-0.0	0.3607
515.0	0.2146	0.0	0.4049
516.0	0.1291	-0.0	0.3764
517.0	0.1901	-0.0	0.3967
518.0	0.1333	-0.0	0.3778
519.0	0.1413	-0.0	0.3804
520.0	0.1203	-0.0	0.3734
521.0	0.1512	-0.0	0.3837
522.0	0.1923	-0.0	0.3974
523.0	0.1255	-0.0	0.3752
524.0	0.1312	-0.0	0.3771
525.0	0.1751	-0.0	0.3917
526.0	0.153	-0.0	0.3843
527.0	0.1631	-0.0	0.3877
528.0	0.1529	0.0	0.3843
529.0	0.1102	-0.0	0.3701
530.0	0.1082	-0.0	0.3694
531.0	0.1568	-0.0	0.3856
532.0	0.0807	-0.0	0.3602
533.0	0.1002	-0.0	0.3667
534.0	0.1721	-0.0	0.3907
535.0	0.107	-0.0	0.369
536.0	0.1708	-0.0	0.3903
537.0	0.1894	-0.0	0.3965
538.0	0.1023	-0.0	0.3674
539.0	0.2218	-0.0	0.4073
540.0	0.106	-0.0	0.3687
541.0	0.104	-0.0	0.368
542.0	0.1634	-0.0	0.3878
543.0	0.0691	-0.0	0.3564
544.0	0.1865	-0.0	0.3955
545.0	0.2206	-0.0	0.4069
546.0	0.1085	-0.0	0.3695
547.0	0.1978	-0.0	0.3993
548.0	0.151	-0.0	0.3837
549.0	0.1172	-0.0	0.3724
550.0	0.1833	-0.0	0.3944
551.0	0.2085	-0.0	0.4028
552.0	0.1623	-0.0	0.3874
553.0	0.1321	-0.0	0.3774
554.0	0.095	-0.0	0.365
555.0	0.148	-0.0	0.3827
556.0	0.216	0.0	0.4053
557.0	0.1117	-0.0	0.3706
558.0	0.0754	-0.0	0.3585
559.0	0.1751	-0.0	0.3917
560.0	0.1316	-0.0	0.3772
561.0	0.1543	-0.0	0.3848
562.0	0.1944	-0.0	0.3981
563.0	0.2591	-0.0	0.4197
564.0	0.1276	-0.0	0.3759
565.0	0.1161	-0.0	0.372
566.0	0.1013	-0.0	0.3671
567.0	0.1005	-0.0	0.3668
568.0	0.1029	-0.0	0.3676
569.0	0.1332	-0.0	0.3777
570.0	0.1622	-0.0	0.3874
571.0	0.1012	-0.0	0.3671
572.0	0.1831	-0.0	0.3944
573.0	0.1152	-0.0	0.3717
574.0	0.1381	-0.0	0.3794
575.0	0.1369	-0.0	0.379
576.0	0.2123	-0.0	0.4041
577.0	0.1374	0.0	0.3791
578.0	0.0975	-0.0	0.3658
579.0	0.1385	-0.0	0.3795
580.0	0.1741	-0.0	0.3914
581.0	0.1859	-0.0	0.3953
582.0	0.2316	-0.0	0.4105
583.0	0.0772	-0.0	0.3591
584.0	0.1721	-0.0	0.3907
585.0	0.1559	-0.0	0.3853
586.0	0.0734	-0.0	0.3578
587.0	0.1102	-0.0	0.3701
588.0	0.0451	-0.0	0.3484
589.0	0.1556	-0.0	0.3852
590.0	0.0673	-0.0	0.3558
591.0	0.1621	-0.0	0.3874
592.0	0.225	-0.0	0.4083
593.0	0.1477	-0.0	0.3826
594.0	0.1612	-0.0	0.3871
595.0	0.1262	-0.0	0.3754
596.0	0.1283	-0.0	0.3761
597.0	0.1729	-0.0	0.391
598.0	0.1802	-0.0	0.3934
599.0	0.1486	-0.0	0.3829
600.0	0.1388	-0.0	0.3796
601.0	0.1891	-0.0	0.3964
602.0	0.0955	-0.0	0.3652
603.0	0.1325	-0.0	0.3775
604.0	0.1865	-0.0	0.3955
605.0	0.1095	-0.0	0.3698
606.0	0.1207	-0.0	0.3736
607.0	0.1629	-0.0	0.3876
608.0	0.105	-0.0	0.3683
609.0	0.0582	-0.0	0.3527
610.0	0.17	-0.0	0.39
611.0	0.1132	-0.0	0.3711
612.0	0.062	-0.0	0.354
613.0	0.1321	-0.0	0.3774
614.0	0.1868	-0.0	0.3956
615.0	0.1382	-0.0	0.3794
616.0	0.1425	-0.0	0.3808
617.0	0.2188	0.0	0.4063
618.0	0.0999	-0.0	0.3666
619.0	0.121	-0.0	0.3737
620.0	0.1152	-0.0	0.3717
621.0	0.1605	-0.0	0.3868
622.0	0.1063	-0.0	0.3688
623.0	0.1779	0.0	0.3926
624.0	0.2005	-0.0	0.4002
625.0	0.1194	-0.0	0.3731
626.0	0.121	-0.0	0.3737
627.0	0.1289	-0.0	0.3763
628.0	0.0771	-0.0	0.359
629.0	0.232	-0.0	0.4107
630.0	0.1872	-0.0	0.3957
631.0	0.1117	-0.0	0.3706
632.0	0.0832	-0.0	0.3611
633.0	0.1615	-0.0	0.3872
634.0	0.0827	-0.0	0.3609
635.0	0.1765	-0.0	0.3922
636.0	0.1035	-0.0	0.3678
637.0	0.1234	-0.0	0.3745
638.0	0.1111	-0.0	0.3704
639.0	0.1289	-0.0	0.3763
640.0	0.1367	-0.0	0.3789
641.0	0.1496	-0.0	0.3832
642.0	0.2216	-0.0	0.4072
643.0	0.1346	-0.0	0.3782
644.0	0.1347	-0.0	0.3782
645.0	0.0877	-0.0	0.3626
646.0	0.0924	-0.0	0.3641
647.0	0.1925	-0.0	0.3975
648.0	0.1326	-0.0	0.3775
649.0	0.1674	-0.0	0.3891
650.0	0.1196	-0.0	0.3732
651.0	0.1543	0.0	0.3848
652.0	0.1854	-0.0	0.3951
653.0	0.166	-0.0	0.3887
654.0	0.1115	-0.0	0.3705
655.0	0.1038	-0.0	0.3679
656.0	0.1564	-0.0	0.3855
657.0	0.2123	0.0	0.4041
658.0	0.0715	-0.0	0.3572
659.0	0.1622	-0.0	0.3874
660.0	0.2038	-0.0	0.4013
661.0	0.1444	-0.0	0.3815
662.0	0.1648	-0.0	0.3883
663.0	0.1615	-0.0	0.3872
664.0	0.1772	-0.0	0.3924
665.0	0.1437	-0.0	0.3812
666.0	0.1253	-0.0	0.3751
667.0	0.1986	-0.0	0.3995
668.0	0.1801	-0.0	0.3934
669.0	0.156	-0.0	0.3853
670.0	0.1837	-0.0	0.3946
671.0	0.1777	-0.0	0.3926
672.0	0.0853	-0.0	0.3618
673.0	0.0908	0.0	0.3636
674.0	0.1601	-0.0	0.3867
675.0	0.1441	-0.0	0.3814
676.0	0.1471	-0.0	0.3824
677.0	0.1649	-0.0	0.3883
678.0	0.1984	-0.0	0.3995
679.0	0.125	-0.0	0.375
680.0	0.1277	0.0	0.3759
681.0	0.1455	-0.0	0.3818
682.0	0.1138	-0.0	0.3713
683.0	0.1399	-0.0	0.38
684.0	0.1659	-0.0	0.3886
685.0	0.1411	-0.0	0.3804
686.0	0.0909	-0.0	0.3636
687.0	0.101	-0.0	0.367
688.0	0.1743	-0.0	0.3914
689.0	0.0927	-0.0	0.3642
690.0	0.1434	-0.0	0.3811
691.0	0.1147	-0.0	0.3716
692.0	0.0889	-0.0	0.363
693.0	0.1619	-0.0	0.3873
694.0	0.2068	-0.0	0.4023
695.0	0.1325	0.0	0.3775
696.0	0.146	-0.0	0.382
697.0	0.1462	-0.0	0.3821
698.0	0.0724	-0.0	0.3575
699.0	0.1105	-0.0	0.3702
700.0	0.1294	0.0	0.3765
701.0	0.1744	-0.0	0.3915
702.0	0.1303	-0.0	0.3768
703.0	0.1742	-0.0	0.3914
704.0	0.1487	-0.0	0.3829
705.0	0.1178	-0.0	0.3726
706.0	0.2117	-0.0	0.4039
707.0	0.1436	-0.0	0.3812
708.0	0.1176	-0.0	0.3725
709.0	0.2304	-0.0	0.4101
710.0	0.1823	-0.0	0.3941
711.0	0.0992	-0.0	0.3664
712.0	0.1284	-0.0	0.3761
713.0	0.0567	-0.0	0.3522
714.0	0.0894	-0.0	0.3631
715.0	0.13	-0.0	0.3767
716.0	0.1281	-0.0	0.376
717.0	0.045	-0.0	0.3483
718.0	0.1698	-0.0	0.3899
719.0	0.2558	-0.0	0.4186
720.0	0.073	-0.0	0.3577
721.0	0.207	-0.0	0.4023
722.0	0.1448	-0.0	0.3816
723.0	0.0727	-0.0	0.3576
724.0	0.1486	-0.0	0.3829
725.0	0.1994	-0.0	0.3998
726.0	0.0662	-0.0	0.3554
727.0	0.1068	-0.0	0.3689
728.0	0.1355	-0.0	0.3785
729.0	0.1761	-0.0	0.392
730.0	0.1447	-0.0	0.3816
731.0	0.0648	-0.0	0.3549
732.0	0.1234	-0.0	0.3745
733.0	0.1159	-0.0	0.372
734.0	0.1554	-0.0	0.3851
735.0	0.1405	-0.0	0.3802
736.0	0.1387	-0.0	0.3796
737.0	0.1881	-0.0	0.396
738.0	0.1933	-0.0	0.3978
739.0	0.1077	-0.0	0.3692
740.0	0.0877	-0.0	0.3626
741.0	0.1735	-0.0	0.3912
742.0	0.1102	-0.0	0.3701
743.0	0.1097	-0.0	0.3699
744.0	0.09	-0.0	0.3633
745.0	0.146	-0.0	0.382
746.0	0.1988	-0.0	0.3996
747.0	0.132	-0.0	0.3773
748.0	0.0913	-0.0	0.3638
749.0	0.1423	-0.0	0.3808
750.0	0.0805	-0.0	0.3602
751.0	0.1503	-0.0	0.3834
752.0	0.111	-0.0	0.3703
753.0	0.1746	-0.0	0.3915
754.0	0.0831	-0.0	0.361
755.0	0.1391	-0.0	0.3797
756.0	0.1616	-0.0	0.3872
757.0	0.12	-0.0	0.3733
758.0	0.1926	-0.0	0.3975
759.0	0.1458	-0.0	0.3819
760.0	0.1543	-0.0	0.3848
761.0	0.1472	-0.0	0.3824
762.0	0.1669	-0.0	0.389
763.0	0.1254	-0.0	0.3751
764.0	0.1242	-0.0	0.3747
765.0	0.1426	-0.0	0.3809
766.0	0.1533	-0.0	0.3844
767.0	0.1402	-0.0	0.3801
768.0	0.116	-0.0	0.372
769.0	0.1271	-0.0	0.3757
770.0	0.1246	-0.0	0.3749
771.0	0.135	-0.0	0.3783
772.0	0.0481	-0.0	0.3494
773.0	0.2096	-0.0	0.4032
774.0	0.1544	-0.0	0.3848
775.0	0.1862	-0.0	0.3954
776.0	0.0881	0.0	0.3627
777.0	0.1026	-0.0	0.3675
778.0	0.0931	-0.0	0.3644
779.0	0.1578	-0.0	0.3859
780.0	0.1021	-0.0	0.3674
781.0	0.1243	-0.0	0.3748
782.0	0.1261	-0.0	0.3754
783.0	0.1378	-0.0	0.3793
784.0	0.0775	-0.0	0.3592
785.0	0.1299	-0.0	0.3766
786.0	0.1612	-0.0	0.3871
787.0	0.1797	-0.0	0.3932
788.0	0.0925	-0.0	0.3642
789.0	0.2492	-0.0	0.4164
790.0	0.1898	-0.0	0.3966
791.0	0.1905	-0.0	0.3968
792.0	0.2304	-0.0	0.4101
793.0	0.1349	-0.0	0.3783
794.0	0.1787	-0.0	0.3929
795.0	0.2266	-0.0	0.4089
796.0	0.1436	-0.0	0.3812
797.0	0.1166	-0.0	0.3722
798.0	0.1431	-0.0	0.381
799.0	0.1387	-0.0	0.3796
800.0	0.1475	-0.0	0.3825
801.0	0.1404	-0.0	0.3801
802.0	0.1002	-0.0	0.3667
803.0	0.1519	-0.0	0.384
804.0	0.1657	-0.0	0.3886
805.0	0.1292	-0.0	0.3764
806.0	0.1151	-0.0	0.3717
807.0	0.1212	-0.0	0.3737
808.0	0.1592	-0.0	0.3864
809.0	0.2212	-0.0	0.4071
810.0	0.105	-0.0	0.3683
811.0	0.1104	-0.0	0.3701
812.0	0.1526	-0.0	0.3842
813.0	0.2114	-0.0	0.4038
814.0	0.1705	-0.0	0.3902
815.0	0.0746	-0.0	0.3582
816.0	0.1526	-0.0	0.3842
817.0	0.1507	-0.0	0.3836
818.0	0.1527	-0.0	0.3842
819.0	0.1485	-0.0	0.3828
820.0	0.1642	-0.0	0.3881
821.0	0.1791	-0.0	0.393
822.0	0.1269	-0.0	0.3756
823.0	0.1101	-0.0	0.37
824.0	0.1802	-0.0	0.3934
825.0	0.0991	-0.0	0.3664
826.0	0.1113	-0.0	0.3704
827.0	0.0982	-0.0	0.3661
828.0	0.08	-0.0	0.36
829.0	0.1126	-0.0	0.3709
830.0	0.1984	-0.0	0.3995
831.0	0.072	-0.0	0.3573
832.0	0.1201	-0.0	0.3734
833.0	0.1006	-0.0	0.3669
834.0	0.1124	-0.0	0.3708
835.0	0.1908	-0.0	0.3969
836.0	0.1124	-0.0	0.3708
837.0	0.1486	-0.0	0.3829
838.0	0.1459	-0.0	0.382
839.0	0.1363	-0.0	0.3788
840.0	0.2387	0.0	0.4129
841.0	0.1112	-0.0	0.3704
842.0	0.1628	-0.0	0.3876
843.0	0.1575	-0.0	0.3858
844.0	0.0902	-0.0	0.3634
845.0	0.2	-0.0	0.4
846.0	0.1507	-0.0	0.3836
847.0	0.0778	-0.0	0.3593
848.0	0.1049	-0.0	0.3683
849.0	0.1287	-0.0	0.3762
850.0	0.0873	-0.0	0.3624
851.0	0.1202	-0.0	0.3734
852.0	0.1104	-0.0	0.3701
853.0	0.126	-0.0	0.3753
854.0	0.1889	-0.0	0.3963
855.0	0.1979	-0.0	0.3993
856.0	0.1078	-0.0	0.3693
857.0	0.1772	-0.0	0.3924
858.0	0.0668	-0.0	0.3556
859.0	0.1464	-0.0	0.3821
860.0	0.14	-0.0	0.38
861.0	0.1136	-0.0	0.3712
862.0	0.1872	-0.0	0.3957
863.0	0.1329	-0.0	0.3776
864.0	0.1089	-0.0	0.3696
865.0	0.1972	-0.0	0.3991
866.0	0.0736	-0.0	0.3579
867.0	0.1048	-0.0	0.3683
868.0	0.0921	-0.0	0.364
869.0	0.1134	-0.0	0.3711
870.0	0.1203	-0.0	0.3734
871.0	0.0566	-0.0	0.3522
872.0	0.2188	-0.0	0.4063
873.0	0.1302	-0.0	0.3767
874.0	0.1418	-0.0	0.3806
875.0	0.1147	-0.0	0.3716
876.0	0.1285	-0.0	0.3762
877.0	0.1168	-0.0	0.3723
878.0	0.1966	-0.0	0.3989
879.0	0.0935	-0.0	0.3645
880.0	0.139	-0.0	0.3797
881.0	0.1109	-0.0	0.3703
882.0	0.1123	-0.0	0.3708
883.0	0.1746	-0.0	0.3915
884.0	0.1142	-0.0	0.3714
885.0	0.1598	-0.0	0.3866
886.0	0.138	-0.0	0.3793
887.0	0.1386	-0.0	0.3795
888.0	0.271	-0.0	0.4237
889.0	0.0819	-0.0	0.3606
890.0	0.1725	-0.0	0.3908
891.0	0.1383	-0.0	0.3794
892.0	0.0712	-0.0	0.3571
893.0	0.1401	-0.0	0.38
894.0	0.2205	-0.0	0.4068
895.0	0.147	-0.0	0.3823
896.0	0.2071	-0.0	0.4024
897.0	0.1764	-0.0	0.3921
898.0	0.1749	-0.0	0.3916
899.0	0.1471	-0.0	0.3824
900.0	0.1577	-0.0	0.3859
901.0	0.081	-0.0	0.3603
902.0	0.265	-0.0	0.4217
903.0	0.1591	-0.0	0.3864
904.0	0.0684	0.0	0.3561
905.0	0.1013	-0.0	0.3671
906.0	0.117	-0.0	0.3723
907.0	0.1597	-0.0	0.3866
908.0	0.1436	0.0	0.3812
909.0	0.1907	-0.0	0.3969
910.0	0.1418	-0.0	0.3806
911.0	0.1462	-0.0	0.3821
912.0	0.1673	-0.0	0.3891
913.0	0.1455	-0.0	0.3818
914.0	0.1282	-0.0	0.3761
915.0	0.1198	-0.0	0.3733
916.0	0.1918	0.0	0.3973
917.0	0.1244	-0.0	0.3748
918.0	0.12	-0.0	0.3733
919.0	0.1717	-0.0	0.3906
920.0	0.1028	-0.0	0.3676
921.0	0.1672	0.0	0.3891
922.0	0.1516	-0.0	0.3839
923.0	0.2037	-0.0	0.4012
924.0	0.0936	-0.0	0.3645
925.0	0.1786	-0.0	0.3929
926.0	0.0687	-0.0	0.3562
927.0	0.1604	-0.0	0.3868
928.0	0.1511	-0.0	0.3837
929.0	0.1229	-0.0	0.3743
930.0	0.0681	-0.0	0.356
931.0	0.1601	-0.0	0.3867
932.0	0.1537	-0.0	0.3846
933.0	0.1331	-0.0	0.3777
934.0	0.1296	-0.0	0.3765
935.0	0.1491	-0.0	0.383
936.0	0.2352	-0.0	0.4117
937.0	0.0605	-0.0	0.3535
938.0	0.0989	-0.0	0.3663
939.0	0.1495	-0.0	0.3832
940.0	0.1605	-0.0	0.3868
941.0	0.1373	-0.0	0.3791
942.0	0.1582	-0.0	0.3861
943.0	0.1488	-0.0	0.3829
944.0	0.1877	-0.0	0.3959
945.0	0.1757	-0.0	0.3919
946.0	0.1754	-0.0	0.3918
947.0	0.0958	-0.0	0.3653
948.0	0.1086	-0.0	0.3695
949.0	0.1167	-0.0	0.3722
950.0	0.1344	-0.0	0.3781
951.0	0.1791	-0.0	0.393
952.0	0.108	-0.0	0.3693
953.0	0.0888	-0.0	0.3629
954.0	0.0848	-0.0	0.3616
955.0	0.1183	-0.0	0.3728
956.0	0.1498	-0.0	0.3833
957.0	0.08	-0.0	0.36
958.0	0.1382	-0.0	0.3794
959.0	0.0993	-0.0	0.3664
960.0	0.0957	-0.0	0.3652
961.0	0.1155	-0.0	0.3718
962.0	0.1352	-0.0	0.3784
963.0	0.1665	-0.0	0.3888
964.0	0.1074	-0.0	0.3691
965.0	0.1716	-0.0	0.3905
966.0	0.1794	-0.0	0.3931
967.0	0.1669	-0.0	0.389
968.0	0.115	-0.0	0.3717
969.0	0.1243	-0.0	0.3748
970.0	0.0647	-0.0	0.3549
971.0	0.1037	-0.0	0.3679
972.0	0.1217	-0.0	0.3739
973.0	0.2016	-0.0	0.4005
974.0	0.1134	-0.0	0.3711
975.0	0.0886	-0.0	0.3629
976.0	0.1241	-0.0	0.3747
977.0	0.1993	-0.0	0.3998
978.0	0.0724	-0.0	0.3575
979.0	0.213	-0.0	0.4043
980.0	0.0949	0.0	0.365
981.0	0.1403	-0.0	0.3801
982.0	0.1669	-0.0	0.389
983.0	0.143	-0.0	0.381
984.0	0.0571	-0.0	0.3524
985.0	0.1998	-0.0	0.3999
986.0	0.0772	-0.0	0.3591
987.0	0.1364	-0.0	0.3788
988.0	0.164	-0.0	0.388
989.0	0.1821	-0.0	0.394
990.0	0.2006	-0.0	0.4002
991.0	0.1882	-0.0	0.3961
992.0	0.1223	-0.0	0.3741
993.0	0.1355	-0.0	0.3785
994.0	0.2151	-0.0	0.405
995.0	0.1146	-0.0	0.3715
996.0	0.1491	-0.0	0.383
997.0	0.1453	-0.0	0.3818
998.0	0.1742	-0.0	0.3914
999.0	0.1373	-0.0	0.3791
1000.0	0.0732	-0.0	0.3577
